      0.27145209      0.01247327     -0.01457320     -0.02419866     -0.09081469      0.01904879      0.00633890      0.01388703      0.01584887     -0.00088315     -0.02055780     -0.01526183     -0.04215507      0.05616217     -0.00444567     -0.04248936     -0.01221311     -0.06969653     -0.03283572     -0.06434237      0.01424853     -0.11600728      0.10206966     -0.03515037     -0.13120552     -0.02447024      0.09140302     -0.00946698      0.01253605     -0.00517463     -0.01254832     -0.00049604      0.00109146     -0.01344652      0.00990031     -0.00265362     -0.00744110      0.00072649      0.00439878      0.00123565     -0.00195606      0.00482997      0.00108892      0.00122084      0.00203417      0.00036679     -0.00134520     -0.00102483     -0.00048636     -0.00061160      0.00215831
      0.01247327      0.71137611      0.09345281      0.15069650      0.01760012     -0.03954163      0.06559659     -0.07132225     -0.06547306     -0.25241912     -0.36401856      0.00567697     -0.00715802     -0.00029489     -0.00330397     -0.03234747     -0.05094228     -0.07370233     -0.03358802     -0.14030377      0.02761568      0.13281112     -0.12203885      0.05359077     -0.05108799     -0.04404735      0.03732291      0.00294715      0.01261234      0.00458083      0.04391849     -0.00789011     -0.04019773      0.01162786     -0.00819496      0.00219464     -0.00597796     -0.06058676     -0.00746029     -0.00343485     -0.00035603     -0.00502603     -0.00029859     -0.00189255      0.00239017     -0.00372227     -0.00315056     -0.00249182      0.00089821     -0.00093652     -0.00018115
     -0.01457320      0.09345281      0.25757554      0.02819689      0.01726278     -0.00526291      0.01908391     -0.03843547     -0.03826182     -0.05413540     -0.06298493      0.02041120      0.00885434     -0.01758402      0.00042723     -0.06658423     -0.06258488     -0.23834704      0.01737423      0.04435697     -0.03300907     -0.03557414      0.03750767     -0.01435184      0.09002498      0.00939979     -0.09907507      0.00073474     -0.00000473      0.00254924      0.01468803      0.00303047     -0.02418676      0.01076523      0.00686529      0.00784228     -0.00210164     -0.00207324     -0.00552109     -0.00203919     -0.00112861     -0.00668142     -0.00252289     -0.00206070     -0.00112423     -0.00269877     -0.00201225     -0.00059507      0.00031036      0.00043663     -0.00089767
     -0.02419866      0.15069650      0.02819689      0.30613678      0.01537882      0.00795094     -0.00241168     -0.04969023     -0.03146493     -0.08156081     -0.11642756      0.00403261      0.01339773      0.01732831      0.00479464     -0.01602427     -0.00069497     -0.00260471     -0.05602105      0.09305431     -0.00932384     -0.03510696     -0.06370549      0.03804303     -0.01163576     -0.00823838      0.01588875     -0.20782825      0.01070200     -0.05246048     -0.01707281     -0.00554406     -0.01915871     -0.00204198      0.00755154     -0.00413843     -0.00434940     -0.01753899      0.00252993     -0.00362729     -0.00171657     -0.00074444     -0.00153574     -0.00103064      0.00030494      0.00076649     -0.00249300      0.00056532     -0.00134784     -0.00285216      0.00053039
     -0.09081469      0.01760012      0.01726278      0.01537882      0.49845509     -0.02003172     -0.03703930     -0.06142769     -0.02039265     -0.00330100     -0.01725394     -0.00438205      0.14182664     -0.19683748      0.00108046     -0.03430505     -0.00769011     -0.01359771      0.04379593     -0.10718837      0.00378107     -0.06993548     -0.13598747      0.08691085      0.00055905      0.00596154      0.00533791      0.03269910     -0.02983212      0.01007048      0.01605431     -0.03493291     -0.06400902      0.00253473     -0.02520727     -0.00247421     -0.01859478     -0.00978075      0.00961189     -0.00049007      0.00002431     -0.00107477     -0.00287695     -0.00071957     -0.00069963     -0.00359703     -0.00544753     -0.00414928      0.00030137     -0.00310746      0.00095622
      0.01904879     -0.03954163     -0.00526291      0.00795094     -0.02003172      0.23100012     -0.02676656     -0.02493261     -0.01018165      0.01693504      0.02343313     -0.00137669     -0.00429029      0.01910225      0.00562141     -0.00305457      0.00264036     -0.00912475     -0.00429556     -0.00650351     -0.01764156      0.03853403      0.08224804     -0.04567010      0.00518229      0.00368102     -0.00155726     -0.06220823      0.00726211     -0.04652776     -0.00261803     -0.04538570     -0.24538333     -0.00138820      0.00649249     -0.00320241      0.00052294      0.01170072      0.00676480      0.00173104     -0.00084737      0.00068342     -0.00146679      0.00106847     -0.00356357     -0.00137328     -0.00512683     -0.00126798     -0.00068778     -0.00320848     -0.00071864
      0.00633890      0.06559659      0.01908391     -0.00241168     -0.03703930     -0.02676656      0.13831402      0.00934609      0.02618728     -0.02481833     -0.02844846      0.01787751     -0.02138530     -0.00343787     -0.01221683     -0.09524583      0.03667373     -0.05224109      0.00624444     -0.00483258     -0.00129939     -0.00274398     -0.01558991     -0.04068923     -0.01216174     -0.00951181     -0.00092914     -0.00445555      0.00179228      0.00137094     -0.03235893     -0.03320346      0.05085765     -0.03253814      0.06169787      0.01067744     -0.01467668     -0.04672823     -0.00695922      0.00284324     -0.00132506      0.00046094      0.00142216      0.00288357     -0.00774230      0.00594102      0.00263732      0.00183319      0.00203326     -0.00065682      0.00268760
      0.01388703     -0.07132225     -0.03843547     -0.04969023     -0.06142769     -0.02493261      0.00934609      0.20057237      0.04229843      0.01835551      0.05960591      0.00107118     -0.00468822      0.03725433      0.01033472      0.03645505     -0.02908572      0.03020087      0.00241750     -0.01250750      0.00472057     -0.01003116     -0.01939178     -0.05132593     -0.00201017     -0.00254376      0.00239697      0.00437690     -0.00288164      0.00266498     -0.04298972     -0.05769280      0.06179013      0.05110155     -0.11171292     -0.02996555     -0.02634036     -0.05887188     -0.00205727      0.00520516     -0.00276246      0.00285425      0.00241157     -0.00255139     -0.00155795     -0.00665043     -0.00265671     -0.00086996     -0.00196293     -0.00058432     -0.00463759
      0.01584887     -0.06547306     -0.03826182     -0.03146493     -0.02039265     -0.01018165      0.02618728      0.04229843      0.26814754      0.02394337      0.02491022     -0.00275566     -0.00907558      0.00950526      0.00601309     -0.05043473      0.02229287     -0.02010578      0.00236530     -0.00796510     -0.00204665     -0.03786961     -0.07062779     -0.23961428      0.00540871      0.00781822      0.00053066     -0.00110019     -0.00325493     -0.00248396      0.04815494      0.05809119     -0.07300082     -0.00389987     -0.01523974     -0.03222672     -0.00630060      0.01020749     -0.01278595     -0.00123399      0.00316884     -0.00098190      0.00145506     -0.00068418     -0.00119903      0.00003265      0.00052368     -0.00105159     -0.00038957      0.00053696     -0.00173473
     -0.00088315     -0.25241912     -0.05413540     -0.08156081     -0.00330100      0.01693504     -0.02481833      0.01835551      0.02394337      0.41687559      0.18518027      0.04039234     -0.00182280      0.00052754      0.00041074      0.00593108      0.00214722      0.01465508     -0.01331614     -0.01888185      0.00677003     -0.02471681      0.01247438     -0.01369729     -0.02083699     -0.00583951     -0.00815948     -0.00131555     -0.00190060      0.00045837     -0.01859523      0.00385693      0.01751760     -0.00094922      0.00070319      0.00155854     -0.10908224      0.09861763      0.06589154     -0.27651200      0.01607211     -0.18784782     -0.06646670     -0.08146071      0.06500410     -0.00112742     -0.00074714     -0.00165007      0.00083684     -0.00092415      0.00104529
     -0.02055780     -0.36401856     -0.06298493     -0.11642756     -0.01725394      0.02343313     -0.02844846      0.05960591      0.02491022      0.18518027      0.48881201     -0.07280015     -0.00087758      0.00332888      0.00065941      0.01572148      0.01395528      0.01139925     -0.01538915     -0.02270391      0.00675356     -0.02728265      0.02532218     -0.00863358      0.02833972     -0.08126976     -0.07413585      0.00052145     -0.00103179      0.00084335     -0.02797972      0.00104775      0.02927720     -0.00406212     -0.00000409     -0.00125645      0.04625936     -0.05173957     -0.01603506      0.01588326     -0.02785194      0.01132287     -0.08277437     -0.21691295      0.19137149     -0.00080159      0.00031013      0.00053644     -0.00016325     -0.00015288      0.00028438
     -0.01526183      0.00567697      0.02041120      0.00403261     -0.00438205     -0.00137669      0.01787751      0.00107118     -0.00275566      0.04039234     -0.07280015      0.29863046      0.00075386      0.00043201      0.00210153     -0.00754316     -0.00482848     -0.01287413     -0.00325246      0.00292400      0.00144444     -0.00077099      0.00167392     -0.00052818      0.01554027     -0.03159785     -0.05338769      0.00014818     -0.00007062     -0.00100367     -0.00266598      0.00015020     -0.00307428     -0.00602351      0.00092853     -0.00037692      0.05534922     -0.05310688     -0.07238390     -0.19411611      0.00878640     -0.18403993      0.06519580      0.18855485     -0.21122767     -0.00129378     -0.00005355     -0.00003385     -0.00064553      0.00082689     -0.00060347
     -0.04215507     -0.00715802      0.00885434      0.01339773      0.14182664     -0.00429029     -0.02138530     -0.00468822     -0.00907558     -0.00182280     -0.00087758      0.00075386      0.36117573     -0.11746945     -0.03898580     -0.01379294      0.00056106     -0.00474407     -0.01215807      0.01068345     -0.00028290     -0.00910363     -0.01077229      0.01975977      0.00010681      0.00085468      0.00027516     -0.03298555     -0.00614025     -0.00005516      0.00078281     -0.00666334     -0.01032075     -0.08890453     -0.08071655     -0.05241593      0.00019802     -0.00106401     -0.00236570      0.00138077     -0.00083887      0.00024308      0.00055223      0.00198249     -0.00251112     -0.30788570      0.06922077      0.17781433     -0.04829767      0.04056696     -0.05500846
      0.05616217     -0.00029489     -0.01758402      0.01732831     -0.19683748      0.01910225     -0.00343787      0.03725433      0.00950526      0.00052754      0.00332888      0.00043201     -0.11746945      0.36092966     -0.04338599      0.01966965      0.00435024      0.00762782      0.01584408     -0.01027291     -0.00138829      0.01141186      0.01963473     -0.01241722     -0.00213444     -0.00168328      0.00327677     -0.04894733     -0.12059369     -0.04098952     -0.00554127     -0.00327376      0.00661067     -0.03184544     -0.07965607     -0.03447073      0.00391956     -0.00126031     -0.00295304      0.00070745     -0.00073304      0.00067122      0.00027756      0.00019831      0.00003150      0.07340507     -0.04397466     -0.03793323      0.03995821     -0.14473391      0.19244489
     -0.00444567     -0.00330397      0.00042723      0.00479464      0.00108046      0.00562141     -0.01221683      0.01033472      0.00601309      0.00041074      0.00065941      0.00210153     -0.03898580     -0.04338599      0.34372457     -0.00145859      0.00187491     -0.00224039      0.00250896      0.00047246     -0.00086185      0.00602097      0.00340524     -0.00695421     -0.00006897     -0.00132769     -0.00114621     -0.01383944     -0.02560573     -0.02903514      0.00397335     -0.00183828     -0.00949402     -0.03999629     -0.04984588     -0.05902351      0.00297578     -0.00134847     -0.00212137      0.00026567     -0.00043982     -0.00021912      0.00008442      0.00094509     -0.00154022      0.18538549     -0.03576820     -0.16029332     -0.05366533      0.18379516     -0.33491937
     -0.04248936     -0.03234747     -0.06658423     -0.01602427     -0.03430505     -0.00305457     -0.09524583      0.03645505     -0.05043473      0.00593108      0.01572148     -0.00754316     -0.01379294      0.01966965     -0.00145859      0.32230708     -0.03133708      0.21258832     -0.00158353     -0.00288773     -0.00018632     -0.00688541      0.00216318     -0.00759545      0.00834671      0.00682906      0.01149096      0.00099201     -0.00163628     -0.00127895     -0.02098055     -0.00722559      0.00110914     -0.01698972      0.02351241      0.01278179      0.01287713      0.00155535     -0.00206565     -0.01100543     -0.00171366     -0.00305964      0.00550835     -0.00221528      0.00915828     -0.00185157      0.00221832      0.00210878      0.00061889      0.00212206     -0.00113826
     -0.01221311     -0.05094228     -0.06258488     -0.00069497     -0.00769011      0.00264036      0.03667373     -0.02908572      0.02229287      0.00214722      0.01395528     -0.00482848      0.00056106      0.00435024      0.00187491     -0.03133708      0.16441813      0.07993126     -0.02520666     -0.00634818     -0.01397367      0.00068511      0.01391892     -0.00135556      0.00664502      0.00721940      0.00374588     -0.00070081     -0.00156625      0.00045436      0.00711751      0.00301393     -0.00004422      0.00762306     -0.01108022      0.00124159      0.01359865     -0.03870732      0.00724317     -0.00901653     -0.00390757     -0.00071490      0.00156420     -0.00613957      0.00139755     -0.00360689     -0.00274751     -0.00264459     -0.00123364     -0.00068782     -0.00180662
     -0.06969653     -0.07370233     -0.23834704     -0.00260471     -0.01359771     -0.00912475     -0.05224109      0.03020087     -0.02010578      0.01465508      0.01139925     -0.01287413     -0.00474407      0.00762782     -0.00224039      0.21258832      0.07993126      0.50003079     -0.01125076     -0.03121710      0.01194802     -0.02867931     -0.00034355     -0.00444634      0.02075404      0.00934849     -0.03218162     -0.00327482      0.00198326      0.00631487      0.01773110      0.00200516      0.01344997      0.00352945      0.00012964      0.00187119     -0.00434491     -0.00131724      0.00728373      0.00382577     -0.00239446      0.00210823     -0.00023008     -0.00129390     -0.00341385     -0.00577993     -0.00534600     -0.00339654      0.00000340     -0.00104659     -0.00249596
     -0.03283572     -0.03358802      0.01737423     -0.05602105      0.04379593     -0.00429556      0.00624444      0.00241750      0.00236530     -0.01331614     -0.01538915     -0.00325246     -0.01215807      0.01584408      0.00250896     -0.00158353     -0.02520666     -0.01125076      0.21932771     -0.02322491     -0.02568932      0.00940200      0.00253328     -0.00211603     -0.01451409      0.00288098      0.01384851     -0.02086630      0.00608853     -0.01464285      0.00967598      0.01996548      0.01591213     -0.00898452     -0.00065743      0.00002436      0.00082847     -0.00436844      0.00089000      0.00008933      0.00141729      0.00012476      0.00078471     -0.00042932      0.00210700      0.00064110     -0.00098499     -0.00042329     -0.00096147     -0.00112849     -0.00132563
     -0.06434237     -0.14030377      0.04435697      0.09305431     -0.10718837     -0.00650351     -0.00483258     -0.01250750     -0.00796510     -0.01888185     -0.02270391      0.00292400      0.01068345     -0.01027291      0.00047246     -0.00288773     -0.00634818     -0.03121710     -0.02322491      0.61115683     -0.01922488      0.00638176     -0.02721090      0.00875106     -0.02901868     -0.00280204      0.01705499      0.02426243     -0.00658027      0.00640502     -0.01257417      0.00008559     -0.02139662      0.00528276     -0.00072899      0.00089654      0.01191227     -0.00025225     -0.00461156     -0.00175131     -0.00039044      0.00191233      0.00168689      0.00270862      0.00552641      0.00853492      0.00765084      0.00496343      0.00145822      0.00211653      0.00449247
      0.01424853      0.02761568     -0.03300907     -0.00932384      0.00378107     -0.01764156     -0.00129939      0.00472057     -0.00204665      0.00677003      0.00675356      0.00144444     -0.00028290     -0.00138829     -0.00086185     -0.00018632     -0.01397367      0.01194802     -0.02568932     -0.01922488      0.14837335     -0.00044337      0.00900124     -0.00139161     -0.00478080      0.00254862      0.00170084      0.01381729      0.00359247      0.00623338      0.00332621     -0.02068838      0.00582005      0.00033087     -0.00453789      0.00061794      0.00178050     -0.00415721      0.00016232     -0.00130473      0.00022497     -0.00126819     -0.00012747     -0.00005598     -0.00062665      0.00006549      0.00039613     -0.00009812      0.00022613      0.00041819     -0.00008252
     -0.11600728      0.13281112     -0.03557414     -0.03510696     -0.06993548      0.03853403     -0.00274398     -0.01003116     -0.03786961     -0.02471681     -0.02728265     -0.00077099     -0.00910363      0.01141186      0.00602097     -0.00688541      0.00068511     -0.02867931      0.00940200      0.00638176     -0.00044337      0.32724033     -0.04301069      0.05151227     -0.01514050     -0.00294931      0.01039154     -0.02417134     -0.00142701      0.00081442      0.01799058     -0.00662636      0.01972652     -0.00862871      0.00001926      0.00867066     -0.00416724     -0.00729415     -0.00239367      0.00096791     -0.00060157      0.00036612     -0.00016872     -0.00012106      0.00005755      0.00140694      0.00031643     -0.00351681     -0.00318270      0.00063109     -0.00324571
      0.10206966     -0.12203885      0.03750767     -0.06370549     -0.13598747      0.08224804     -0.01558991     -0.01939178     -0.07062779      0.01247438      0.02532218      0.00167392     -0.01077229      0.01963473      0.00340524      0.00216318      0.01391892     -0.00034355      0.00253328     -0.02721090      0.00900124     -0.04301069      0.36482756     -0.06938037     -0.00117136      0.00451872     -0.00580765     -0.00159922      0.01132983     -0.00449833     -0.00299052      0.01311252      0.00534603     -0.00156638     -0.00088562     -0.00879671     -0.00197715     -0.00056309     -0.00326083      0.00105884      0.00018524     -0.00104659     -0.00063028     -0.00314377     -0.00371205     -0.00577547     -0.00533593     -0.00288797     -0.00007606     -0.00361992     -0.00077062
     -0.03515037      0.05359077     -0.01435184      0.03804303      0.08691085     -0.04567010     -0.04068923     -0.05132593     -0.23961428     -0.01369729     -0.00863358     -0.00052818      0.01975977     -0.01241722     -0.00695421     -0.00759545     -0.00135556     -0.00444634     -0.00211603      0.00875106     -0.00139161      0.05151227     -0.06938037      0.51269149      0.00419783     -0.00737859      0.00533200      0.00385884     -0.00062656      0.01374575      0.00689626     -0.00493416     -0.01295295      0.01657995     -0.01434847      0.00565330     -0.00082540     -0.00662450      0.00493805      0.00185800     -0.00095531      0.00101145     -0.00031661     -0.00135344     -0.00204261     -0.00589516     -0.00505962      0.00013509     -0.00147012     -0.00018790     -0.00453260
     -0.13120552     -0.05108799      0.09002498     -0.01163576      0.00055905      0.00518229     -0.01216174     -0.00201017      0.00540871     -0.02083699      0.02833972      0.01554027      0.00010681     -0.00213444     -0.00006897      0.00834671      0.00664502      0.02075404     -0.01451409     -0.02901868     -0.00478080     -0.01514050     -0.00117136      0.00419783      0.26686013      0.02410640     -0.20960812     -0.00222051      0.00151125      0.00381626      0.00377133      0.00028990      0.00611782      0.00660579      0.00081514      0.00020567      0.01990657      0.00984024     -0.00758380      0.00372854     -0.00927383     -0.01294011     -0.00055500     -0.00633366     -0.00041696     -0.00723349     -0.00304483     -0.00288436      0.00080359      0.00023860     -0.00403115
     -0.02447024     -0.04404735      0.00939979     -0.00823838      0.00596154      0.00368102     -0.00951181     -0.00254376      0.00781822     -0.00583951     -0.08126976     -0.03159785      0.00085468     -0.00168328     -0.00132769      0.00682906      0.00721940      0.00934849      0.00288098     -0.00280204      0.00254862     -0.00294931      0.00451872     -0.00737859      0.02410640      0.15505962      0.01893878      0.00008158      0.00043806      0.00275068      0.00084652      0.00062969      0.00088233      0.00493546      0.00401345      0.00084696      0.03064941     -0.00202696     -0.01870422     -0.01842594      0.01718953     -0.02448402      0.00016080     -0.02738784      0.01714113     -0.01062851     -0.00034076     -0.00179133      0.00077627      0.00048311     -0.00288936
      0.09140302      0.03732291     -0.09907507      0.01588875      0.00533791     -0.00155726     -0.00092914      0.00239697      0.00053066     -0.00815948     -0.07413585     -0.05338769      0.00027516      0.00327677     -0.00114621      0.01149096      0.00374588     -0.03218162      0.01384851      0.01705499      0.00170084      0.01039154     -0.00580765      0.00533200     -0.20960812      0.01893878      0.29609575      0.00087518     -0.00034672     -0.00335186     -0.00018175     -0.00200356      0.00026616     -0.00191159     -0.00593561      0.00020867      0.00743915     -0.00771392     -0.00213997      0.00272409      0.00284503      0.00040351      0.00516835      0.01267727      0.01291822      0.00208868      0.00421098      0.00083626     -0.00012848     -0.00171968      0.00402392
     -0.00946698      0.00294715      0.00073474     -0.20782825      0.03269910     -0.06220823     -0.00445555      0.00437690     -0.00110019     -0.00131555      0.00052145      0.00014818     -0.03298555     -0.04894733     -0.01383944      0.00099201     -0.00070081     -0.00327482     -0.02086630      0.02426243      0.01381729     -0.02417134     -0.00159922      0.00385884     -0.00222051      0.00008158      0.00087518      0.49454000      0.00710660      0.11904907     -0.00418716     -0.00814198     -0.03028835      0.03181440     -0.01159991      0.00862001      0.00677388      0.00035202     -0.00602048     -0.00076903     -0.00052518     -0.00008950      0.00161392      0.00140424      0.00459431      0.01151411      0.02335182      0.00660757      0.00492990      0.00460811      0.00488526
      0.01253605      0.01261234     -0.00000473      0.01070200     -0.02983212      0.00726211      0.00179228     -0.00288164     -0.00325493     -0.00190060     -0.00103179     -0.00007062     -0.00614025     -0.12059369     -0.02560573     -0.00163628     -0.00156625      0.00198326      0.00608853     -0.00658027      0.00359247     -0.00142701      0.01132983     -0.00062656      0.00151125      0.00043806     -0.00034672      0.00710660      0.33066727      0.04994335      0.00253932      0.01301146      0.02119257     -0.04740099      0.00127049     -0.01868961     -0.00037760     -0.00171522      0.00174062     -0.00042914      0.00014475     -0.00078725     -0.00059224     -0.00105647     -0.00116233      0.03599433     -0.02138352     -0.02239611      0.01114909     -0.03384647      0.04681040
     -0.00517463      0.00458083      0.00254924     -0.05246048      0.01007048     -0.04652776      0.00137094      0.00266498     -0.00248396      0.00045837      0.00084335     -0.00100367     -0.00005516     -0.04098952     -0.02903514     -0.00127895      0.00045436      0.00631487     -0.01464285      0.00640502      0.00623338      0.00081442     -0.00449833      0.01374575      0.00381626      0.00275068     -0.00335186      0.11904907      0.04994335      0.18569425     -0.02606504     -0.00000001     -0.01108983      0.00339873     -0.00371891      0.00157365      0.00049672     -0.00257650     -0.00153469      0.00060942      0.00027164      0.00020586      0.00071681      0.00059714      0.00174226     -0.00088127     -0.00816512     -0.00121296      0.00280158      0.01402503      0.01140024
     -0.01254832      0.04391849      0.01468803     -0.01707281      0.01605431     -0.00261803     -0.03235893     -0.04298972      0.04815494     -0.01859523     -0.02797972     -0.00266598      0.00078281     -0.00554127      0.00397335     -0.02098055      0.00711751      0.01773110      0.00967598     -0.01257417      0.00332621      0.01799058     -0.00299052      0.00689626      0.00377133      0.00084652     -0.00018175     -0.00418716      0.00253932     -0.02606504      0.15776792      0.07520220     -0.06336203      0.01073317     -0.00001311     -0.00404625     -0.02191996     -0.01937824     -0.00219822     -0.00092712      0.00076744     -0.00086678     -0.00018425     -0.00236891      0.00098055     -0.00292442     -0.00392879     -0.00161467     -0.00131091     -0.00031913     -0.00097869
     -0.00049604     -0.00789011      0.00303047     -0.00554406     -0.03493291     -0.04538570     -0.03320346     -0.05769280      0.05809119      0.00385693      0.00104775      0.00015020     -0.00666334     -0.00327376     -0.00183828     -0.00722559      0.00301393      0.00200516      0.01996548      0.00008559     -0.02068838     -0.00662636      0.01311252     -0.00493416      0.00028990      0.00062969     -0.00200356     -0.00814198      0.01301146     -0.00000001      0.07520220      0.18519998     -0.03801402      0.00584712     -0.03290326      0.01537138     -0.01479755     -0.01401861      0.00056804     -0.00094411      0.00199200     -0.00117441      0.00015365     -0.00272471     -0.00050432     -0.00370490     -0.00165686     -0.00250918     -0.00019482     -0.00019432     -0.00268780
      0.00109146     -0.04019773     -0.02418676     -0.01915871     -0.06400902     -0.24538333      0.05085765      0.06179013     -0.07300082      0.01751760      0.02927720     -0.00307428     -0.01032075      0.00661067     -0.00949402      0.00110914     -0.00004422      0.01344997      0.01591213     -0.02139662      0.00582005      0.01972652      0.00534603     -0.01295295      0.00611782      0.00088233      0.00026616     -0.03028835      0.02119257     -0.01108983     -0.06336203     -0.03801402      0.54952834     -0.01584488      0.00571496      0.00491346      0.00517136      0.01155458      0.00735398      0.00261089      0.00000107      0.00169751     -0.00095777     -0.00107662     -0.00095003     -0.00171188     -0.00363361     -0.00159266     -0.00209146     -0.00028687      0.00125892
     -0.01344652      0.01162786      0.01076523     -0.00204198      0.00253473     -0.00138820     -0.03253814      0.05110155     -0.00389987     -0.00094922     -0.00406212     -0.00602351     -0.08890453     -0.03184544     -0.03999629     -0.01698972      0.00762306      0.00352945     -0.00898452      0.00528276      0.00033087     -0.00862871     -0.00156638      0.01657995      0.00660579      0.00493546     -0.00191159      0.03181440     -0.04740099      0.00339873      0.01073317      0.00584712     -0.01584488      0.38387529     -0.02531121      0.07617332     -0.05668255     -0.00729916      0.02089371     -0.00493540      0.00325823     -0.00338785     -0.00087643     -0.00698104      0.00562648     -0.05751824      0.00010195      0.01302908     -0.01811409      0.02467563     -0.05848732
      0.00990031     -0.00819496      0.00686529      0.00755154     -0.02520727      0.00649249      0.06169787     -0.11171292     -0.01523974      0.00070319     -0.00000409      0.00092853     -0.08071655     -0.07965607     -0.04984588      0.02351241     -0.01108022      0.00012964     -0.00065743     -0.00072899     -0.00453789      0.00001926     -0.00088562     -0.01434847      0.00081514      0.00401345     -0.00593561     -0.01159991      0.00127049     -0.00371891     -0.00001311     -0.03290326      0.00571496     -0.02531121      0.42072841      0.10735344      0.00957094      0.00902950     -0.00088999     -0.00283796      0.00068693     -0.00026411      0.00159137      0.00010589      0.00213591     -0.00533358      0.01604779      0.01553937      0.00698633      0.02496122     -0.01567460
     -0.00265362      0.00219464      0.00784228     -0.00413843     -0.00247421     -0.00320241      0.01067744     -0.02996555     -0.03222672      0.00155854     -0.00125645     -0.00037692     -0.05241593     -0.03447073     -0.05902351      0.01278179      0.00124159      0.00187119      0.00002436      0.00089654      0.00061794      0.00867066     -0.00879671      0.00565330      0.00020567      0.00084696      0.00020867      0.00862001     -0.01868961      0.00157365     -0.00404625      0.01537138      0.00491346      0.07617332      0.10735344      0.14040816      0.00467442      0.00322121      0.00409470      0.00011521      0.00089788     -0.00154149      0.00012316      0.00015327      0.00140717     -0.01217988      0.01637110      0.02061895     -0.02359576     -0.00067439     -0.02891901
     -0.00744110     -0.00597796     -0.00210164     -0.00434940     -0.01859478      0.00052294     -0.01467668     -0.02634036     -0.00630060     -0.10908224      0.04625936      0.05534922      0.00019802      0.00391956      0.00297578      0.01287713      0.01359865     -0.00434491      0.00082847      0.01191227      0.00178050     -0.00416724     -0.00197715     -0.00082540      0.01990657      0.03064941      0.00743915      0.00677388     -0.00037760      0.00049672     -0.02191996     -0.01479755      0.00517136     -0.05668255      0.00957094      0.00467442      0.34534161     -0.06085666     -0.16292535     -0.03522951      0.01823286     -0.02449096     -0.01799668     -0.01642065      0.05040359     -0.00767218      0.00542939      0.00216767     -0.00009977      0.00309742     -0.00152070
      0.00072649     -0.06058676     -0.00207324     -0.01753899     -0.00978075      0.01170072     -0.04672823     -0.05887188      0.01020749      0.09861763     -0.05173957     -0.05310688     -0.00106401     -0.00126031     -0.00134847      0.00155535     -0.03870732     -0.00131724     -0.00436844     -0.00025225     -0.00415721     -0.00729415     -0.00056309     -0.00662450      0.00984024     -0.00202696     -0.00771392      0.00035202     -0.00171522     -0.00257650     -0.01937824     -0.01401861      0.01155458     -0.00729916      0.00902950      0.00322121     -0.06085666      0.34865254      0.05823894      0.03159247     -0.00489073      0.03656474     -0.00399262      0.04665159     -0.02996752      0.00314582      0.00158017      0.00325592     -0.00106250      0.00218547     -0.00170487
      0.00439878     -0.00746029     -0.00552109      0.00252993      0.00961189      0.00676480     -0.00695922     -0.00205727     -0.01278595      0.06589154     -0.01603506     -0.07238390     -0.00236570     -0.00295304     -0.00212137     -0.00206565      0.00724317      0.00728373      0.00089000     -0.00461156      0.00016232     -0.00239367     -0.00326083      0.00493805     -0.00758380     -0.01870422     -0.00213997     -0.00602048      0.00174062     -0.00153469     -0.00219822      0.00056804      0.00735398      0.02089371     -0.00088999      0.00409470     -0.16292535      0.05823894      0.11129583      0.00546278     -0.00329526      0.03815664      0.01691102     -0.00143768     -0.02564426      0.00660379     -0.00212160     -0.00079676      0.00050703     -0.00149808      0.00198148
      0.00123565     -0.00343485     -0.00203919     -0.00362729     -0.00049007      0.00173104      0.00284324      0.00520516     -0.00123399     -0.27651200      0.01588326     -0.19411611      0.00138077      0.00070745      0.00026567     -0.01100543     -0.00901653      0.00382577      0.00008933     -0.00175131     -0.00130473      0.00096791      0.00105884      0.00185800      0.00372854     -0.01842594      0.00272409     -0.00076903     -0.00042914      0.00060942     -0.00092712     -0.00094411      0.00261089     -0.00493540     -0.00283796      0.00011521     -0.03522951      0.03159247      0.00546278      0.47880563     -0.04903421      0.40784133      0.02081849      0.03814615     -0.05248735      0.01699706     -0.00498440      0.00067580     -0.00265407      0.00112426     -0.00105826
     -0.00195606     -0.00035603     -0.00112861     -0.00171657      0.00002431     -0.00084737     -0.00132506     -0.00276246      0.00316884      0.01607211     -0.02785194      0.00878640     -0.00083887     -0.00073304     -0.00043982     -0.00171366     -0.00390757     -0.00239446      0.00141729     -0.00039044      0.00022497     -0.00060157      0.00018524     -0.00095531     -0.00927383      0.01718953      0.00284503     -0.00052518      0.00014475      0.00027164      0.00076744      0.00199200      0.00000107      0.00325823      0.00068693      0.00089788      0.01823286     -0.00489073     -0.00329526     -0.04903421      0.03548994     -0.08236733      0.01454028     -0.02309189      0.04318923     -0.00159532      0.00005311     -0.00029232      0.00057749     -0.00031935      0.00048857
      0.00482997     -0.00502603     -0.00668142     -0.00074444     -0.00107477      0.00068342      0.00046094      0.00285425     -0.00098190     -0.18784782      0.01132287     -0.18403993      0.00024308      0.00067122     -0.00021912     -0.00305964     -0.00071490      0.00210823      0.00012476      0.00191233     -0.00126819      0.00036612     -0.00104659      0.00101145     -0.01294011     -0.02448402      0.00040351     -0.00008950     -0.00078725      0.00020586     -0.00086678     -0.00117441      0.00169751     -0.00338785     -0.00026411     -0.00154149     -0.02449096      0.03656474      0.03815664      0.40784133     -0.08236733      0.34280165     -0.00804045      0.04595050     -0.08005068      0.01382407     -0.00350780      0.00146308     -0.00217688      0.00110230     -0.00091282
      0.00108892     -0.00029859     -0.00252289     -0.00153574     -0.00287695     -0.00146679      0.00142216      0.00241157      0.00145506     -0.06646670     -0.08277437      0.06519580      0.00055223      0.00027756      0.00008442      0.00550835      0.00156420     -0.00023008      0.00078471      0.00168689     -0.00012747     -0.00016872     -0.00063028     -0.00031661     -0.00055500      0.00016080      0.00516835      0.00161392     -0.00059224      0.00071681     -0.00018425      0.00015365     -0.00095777     -0.00087643      0.00159137      0.00012316     -0.01799668     -0.00399262      0.01691102      0.02081849      0.01454028     -0.00804045      0.10543437      0.13319929     -0.13534623      0.00364233     -0.00107879      0.00062609     -0.00082478      0.00055306     -0.00059609
      0.00122084     -0.00189255     -0.00206070     -0.00103064     -0.00071957      0.00106847      0.00288357     -0.00255139     -0.00068418     -0.08146071     -0.21691295      0.18855485      0.00198249      0.00019831      0.00094509     -0.00221528     -0.00613957     -0.00129390     -0.00042932      0.00270862     -0.00005598     -0.00012106     -0.00314377     -0.00135344     -0.00633366     -0.02738784      0.01267727      0.00140424     -0.00105647      0.00059714     -0.00236891     -0.00272471     -0.00107662     -0.00698104      0.00010589      0.00015327     -0.01642065      0.04665159     -0.00143768      0.03814615     -0.02309189      0.04595050      0.13319929      0.39676883     -0.36428017      0.01086128     -0.00372555      0.00068950     -0.00265998      0.00169293     -0.00193501
      0.00203417      0.00239017     -0.00112423      0.00030494     -0.00069963     -0.00356357     -0.00774230     -0.00155795     -0.00119903      0.06500410      0.19137149     -0.21122767     -0.00251112      0.00003150     -0.00154022      0.00915828      0.00139755     -0.00341385      0.00210700      0.00552641     -0.00062665      0.00005755     -0.00371205     -0.00204261     -0.00041696      0.01714113      0.01291822      0.00459431     -0.00116233      0.00174226      0.00098055     -0.00050432     -0.00095003      0.00562648      0.00213591      0.00140717      0.05040359     -0.02996752     -0.02564426     -0.05248735      0.04318923     -0.08005068     -0.13534623     -0.36428017      0.49657552     -0.01219911      0.00372660     -0.00010283      0.00290821     -0.00164659      0.00154894
      0.00036679     -0.00372227     -0.00269877      0.00076649     -0.00359703     -0.00137328      0.00594102     -0.00665043      0.00003265     -0.00112742     -0.00080159     -0.00129378     -0.30788570      0.07340507      0.18538549     -0.00185157     -0.00360689     -0.00577993      0.00064110      0.00853492      0.00006549      0.00140694     -0.00577547     -0.00589516     -0.00723349     -0.01062851      0.00208868      0.01151411      0.03599433     -0.00088127     -0.00292442     -0.00370490     -0.00171188     -0.05751824     -0.00533358     -0.01217988     -0.00767218      0.00314582      0.00660379      0.01699706     -0.00159532      0.01382407      0.00364233      0.01086128     -0.01219911      0.58022519     -0.10018611     -0.37424424      0.03762654     -0.05873340      0.08659501
     -0.00134520     -0.00315056     -0.00201225     -0.00249300     -0.00544753     -0.00512683      0.00263732     -0.00265671      0.00052368     -0.00074714      0.00031013     -0.00005355      0.06922077     -0.04397466     -0.03576820      0.00221832     -0.00274751     -0.00534600     -0.00098499      0.00765084      0.00039613      0.00031643     -0.00533593     -0.00505962     -0.00304483     -0.00034076      0.00421098      0.02335182     -0.02138352     -0.00816512     -0.00392879     -0.00165686     -0.00363361      0.00010195      0.01604779      0.01637110      0.00542939      0.00158017     -0.00212160     -0.00498440      0.00005311     -0.00350780     -0.00107879     -0.00372555      0.00372660     -0.10018611      0.06746612      0.08981308     -0.02866324      0.03328581     -0.03168489
     -0.00102483     -0.00249182     -0.00059507      0.00056532     -0.00414928     -0.00126798      0.00183319     -0.00086996     -0.00105159     -0.00165007      0.00053644     -0.00003385      0.17781433     -0.03793323     -0.16029332      0.00210878     -0.00264459     -0.00339654     -0.00042329      0.00496343     -0.00009812     -0.00351681     -0.00288797      0.00013509     -0.00288436     -0.00179133      0.00083626      0.00660757     -0.02239611     -0.00121296     -0.00161467     -0.00250918     -0.00159266      0.01302908      0.01553937      0.02061895      0.00216767      0.00325592     -0.00079676      0.00067580     -0.00029232      0.00146308      0.00062609      0.00068950     -0.00010283     -0.37424424      0.08981308      0.28136232      0.01341361      0.01890087     -0.06322657
