      1.82091634     -0.67698151      2.27080444      0.03361616      0.08720661      0.05624644      0.01612983      0.05730977     -0.06164178     -0.05830449     -0.13568353     -0.09600435     -1.56067451      0.58512037     -2.29442444
     -0.67698151      0.54614876     -1.07911556     -0.01284896     -0.03598310     -0.01911785      0.03860002      0.01203707      0.06951349      0.01104330      0.10849066      0.02314836      0.56483148     -0.60453508      0.99719597
      2.27080444     -1.07911556      4.26462526      0.04558862      0.15728713      0.10128891     -0.05806841      0.09785057     -0.07475017     -0.07254521     -0.24380610     -0.17579613     -2.26397946      1.01606386     -4.18587865
      0.03361616     -0.01284896      0.04558862      0.40920103      0.96394047      0.72648916      0.04474547     -0.03638947     -0.00299444     -0.65164048     -1.17718669     -0.78446306     -0.04942640     -0.00893988     -0.06201733
      0.08720661     -0.03598310      0.15728713      0.96394047      3.51576776      2.20878259     -0.01697412     -0.12756777     -0.03393084     -1.17498112     -3.90294652     -2.26439222     -0.12239825      0.05761628     -0.20478156
      0.05624644     -0.01911785      0.10128891      0.72648916      2.20878259      2.15263989     -0.02047144     -0.06989038      0.05369960     -0.80067122     -2.33018411     -1.79090181     -0.07243311     -0.01227139     -0.11735481
      0.01612983      0.03860002     -0.05806841      0.04474547     -0.01697412     -0.02047144      0.12717430      0.04741104      0.13308776     -0.16033684     -0.11233093     -0.12011937     -0.20912667     -0.01907560     -0.16375654
      0.05730977      0.01203707      0.09785057     -0.03638947     -0.12756777     -0.06989038      0.04741104      0.19662571      0.06417700     -0.10532827     -0.29102659     -0.15549535     -0.03413735     -0.12259310     -0.03969429
     -0.06164178      0.06951349     -0.07475017     -0.00299444     -0.03393084      0.05369960      0.13308776      0.06417700      0.28727847     -0.10230660     -0.18070150     -0.31542611     -0.17153825     -0.02686769     -0.37630938
     -0.05830449      0.01104330     -0.07254521     -0.65164048     -1.17498112     -0.80067122     -0.16033684     -0.10532827     -0.10230660      1.00253289      1.55954940      1.07641011      0.13814458      0.06929520      0.12077403
     -0.13568353      0.10849066     -0.24380610     -1.17718669     -3.90294652     -2.33018411     -0.11233093     -0.29102659     -0.18070150      1.55954940      5.56500312      2.83438573      0.20691792     -0.28555052      0.35397623
     -0.09600435      0.02314836     -0.17579613     -0.78446306     -2.26439222     -1.79090181     -0.12011937     -0.15549535     -0.31542611      1.07641011      2.83438573      2.70199574      0.18488201      0.10980928      0.31738638
     -1.56067451      0.56483148     -2.26397946     -0.04942640     -0.12239825     -0.07243311     -0.20912667     -0.03413735     -0.17153825      0.13814458      0.20691792      0.18488201      2.23907305     -0.78121117      2.98390236
      0.58512037     -0.60453508      1.01606386     -0.00893988      0.05761628     -0.01227139     -0.01907560     -0.12259310     -0.02686769      0.06929520     -0.28555052      0.10980928     -0.78121117      1.31675122     -1.34130439
     -2.29442444      0.99719597     -4.18587865     -0.06201733     -0.20478156     -0.11735481     -0.16375654     -0.03969429     -0.37630938      0.12077403      0.35397623      0.31738638      2.98390236     -1.34130439      5.66319366
