     -0.00768345     -0.02790388     -0.03916898      0.06239157     -0.07138072      0.08345609      0.02571824      0.03866206      0.05066541      0.08348687      0.00941508     -0.00800805      0.16019287      0.75827273      0.02737467      0.03564996      0.04604314     -0.15845399     -0.04268070      0.00298471     -0.58147359
     -0.01452617     -0.00113500     -0.03937098     -0.00407684     -0.02874425     -0.01035762     -0.01308250      0.00524097     -0.02571448     -0.03946817      0.00583267      0.08087631     -0.01413528     -0.21194843      0.04397865      0.12885604     -0.11854598      0.79425700      0.13702010      0.00271221     -0.51083829
      0.03057622     -0.00775182     -0.03185400     -0.02918441     -0.05675547      0.00632535     -0.02143128     -0.00105291      0.12741949      0.06398444     -0.02782958     -0.05464056     -0.14593125     -0.55638301     -0.06505621     -0.13812257      0.05992515     -0.48649351     -0.06669124      0.00086924     -0.60864078
      0.00454442      0.02811028     -0.00248943      0.06803177     -0.03248306     -0.06203406      0.03880011     -0.08871574     -0.00107914      0.02867687      0.05437162     -0.07048783     -0.09552487      0.00043076      0.31385546     -0.22138992      0.08425545      0.18628876     -0.87084116      0.12130392     -0.00126768
      0.01146969     -0.00476364     -0.01902093     -0.00970590     -0.02084315     -0.03245217     -0.01355730     -0.00116127     -0.04771002      0.04696990      0.02058603     -0.08884136      0.05870331     -0.05632919      0.83875623     -0.01139628      0.31956270     -0.06481699      0.35605722      0.20385692      0.00106758
      0.00935892      0.12702958     -0.02889917      0.03278497     -0.02230349     -0.02208607      0.07616531     -0.05161273      0.01022196     -0.00058808      0.00129184      0.02377121      0.01020761      0.00875858     -0.22153860      0.02936707     -0.07769926     -0.01368708      0.05018684      0.95543958      0.00365220
     -0.13347872     -0.09865413      0.24860772      0.35837906     -0.39858193     -0.12414849     -0.37035352     -0.18298620     -0.01944093     -0.20813218      0.25073926      0.03165550      0.42339053     -0.13102205     -0.05248305      0.31819361      0.12823617     -0.06618931     -0.09183876      0.00509438      0.00059335
     -0.24619853     -0.00260100     -0.54354911     -0.15066770     -0.22383323     -0.15329139     -0.02415114      0.18579356     -0.23172241     -0.32736502      0.03780555     -0.46590626     -0.21544735      0.03661754     -0.03441699      0.28137729      0.01888336     -0.04536364     -0.05126874     -0.00259373      0.00205719
      0.10274800      0.44089483      0.17554356     -0.31818411     -0.27932995      0.30602774     -0.25886858      0.15185983     -0.17503943     -0.03891939     -0.14044024      0.23011894     -0.07822255      0.00161769      0.22001431      0.24702530     -0.38991028     -0.12344117     -0.11660119     -0.00079792     -0.00052288
     -0.00764814      0.08125345      0.06227121      0.17913834     -0.25445654     -0.43978292     -0.23510010      0.26809881      0.00086029     -0.15788507     -0.36343774     -0.06179811      0.07159913      0.07038999      0.01981133     -0.57226914     -0.23620318      0.03806054      0.12657265     -0.00048256     -0.00185826
     -0.02445292     -0.12169885     -0.28915734     -0.01267007     -0.10239833      0.45193944     -0.18365931     -0.49791720     -0.32606830     -0.11549000      0.14405551     -0.01477971      0.07660461      0.00884687     -0.00840822     -0.46814484     -0.16253244      0.00752021      0.11023080      0.00014458     -0.00143598
     -0.18876842      0.12965976      0.19715647     -0.26458243     -0.09430345      0.02936375      0.13995376      0.32761610      0.17214026     -0.10357418      0.74217251     -0.06100006      0.05795028      0.00809032     -0.00715395     -0.30182116     -0.08119868      0.03104324      0.07053828      0.00034477     -0.00103958
     -0.43024235     -0.28700725      0.34183397     -0.23005543     -0.40586313     -0.02121456      0.51129981     -0.19554311     -0.14527256      0.06628322     -0.25678506      0.01259333     -0.03132037     -0.00808842      0.02039830     -0.00580048     -0.06567897     -0.01447470      0.01698665     -0.00017432     -0.00041006
     -0.79784389      0.29594111     -0.03463444      0.03556146      0.28949007      0.11384744     -0.28200091     -0.06981027      0.21745425      0.11597603     -0.15572890      0.03444267      0.00357046      0.00096837      0.00916164     -0.03532926      0.06613773      0.01826114     -0.00280883      0.00034986     -0.00023855
      0.08586746      0.22074428      0.10005385     -0.22629895     -0.22065861      0.15921458     -0.10418864      0.11541521     -0.17127944     -0.05169870     -0.14506385      0.07716049     -0.04514432      0.02715933     -0.27872427     -0.17693301      0.76914054      0.14839014      0.00881146     -0.00100884      0.00332223
     -0.04936037     -0.02988264     -0.09576153      0.53950691     -0.29235612      0.48661703      0.13792720      0.41776412      0.01882068      0.35634172     -0.03092521     -0.15849506     -0.04837164     -0.09231282     -0.01231638     -0.01112321     -0.02482216      0.06446257      0.01844125     -0.00056792      0.10466160
     -0.07435992     -0.16874771     -0.51474796     -0.07386896     -0.28096464     -0.09001581      0.05001115      0.08965905      0.29218308      0.00357969      0.03405924      0.70281286      0.02052723     -0.01277299      0.05511795     -0.01605379      0.05870809     -0.03226795     -0.03472505      0.00065783      0.08902144
      0.16996917     -0.03130967     -0.05538206     -0.30581971     -0.32218627      0.03589141     -0.21603631     -0.25890942      0.61720522      0.28345283     -0.07381434     -0.39205037      0.01526741      0.04365090     -0.03161305      0.02397622     -0.03315619      0.12690741      0.04256931     -0.00086991      0.10755954
     -0.02361616      0.07247147      0.13683005      0.24060976     -0.17552934     -0.21731908     -0.16350254     -0.23726381     -0.06825475      0.18736351      0.25921578      0.13090885     -0.76354378      0.16445882     -0.01434206      0.01745023      0.02319638     -0.00320861      0.14325456     -0.02808659      0.00068992
     -0.03316704      0.10970406     -0.16931323     -0.17036997     -0.02920853     -0.33479342     -0.08329147      0.01611658     -0.42342586      0.71507068      0.14803607     -0.00617301      0.28746446     -0.06570979     -0.08084530     -0.00105642     -0.03560118     -0.00437559     -0.02537354     -0.03232670     -0.00081854
      0.07568456      0.68814248     -0.16618495      0.22899531     -0.14369778     -0.11023644      0.47349273     -0.32735416      0.09563387     -0.09523092      0.01153991     -0.03090400      0.14952429     -0.03034827      0.00315369     -0.00176134      0.01065726     -0.01550740      0.06776962     -0.17022241     -0.00111067
