     15.22944144     -7.80633754      4.97658021     -0.09377629     -0.03938774      0.08013827     -0.05818754     -0.05753455     -0.04139620     -0.01277352     -0.04103492      0.06319067     -0.12364975     -0.06492521     -0.05415077     -2.54782500      1.46329801     -0.79581283      0.04016187     -0.01793428      0.01446495      0.00274218      0.03339662     -0.01308780      0.02554160     -0.00628314     -0.01241561
     -7.80633754      5.84940192     -2.37500690     -0.19732568     -0.03151589     -0.06966763     -0.00768350      0.05244636     -0.04156397      0.03856363      0.04107840      0.03738202     -0.11699960      0.05882574     -0.01767904      1.51382011     -1.12976478      0.43279899      0.05139375      0.01637227     -0.01608674      0.00754577      0.00762693      0.01585992      0.01885295     -0.01655745     -0.01617489
      4.97658021     -2.37500690      2.42879987      0.14711093     -0.05712666     -0.18347542      0.07000628      0.03094780      0.00233434     -0.01564325      0.08389340     -0.03040783     -0.02931570     -0.03138421     -0.03653745     -0.80553976      0.45003011     -0.37340545     -0.06675509      0.07163484      0.03974192     -0.00380219     -0.03906628      0.01398460     -0.01387457     -0.00257137      0.00510007
     -0.09377629     -0.19732568      0.14711093      2.53368437     -5.54406261      2.46183127     -0.01823375      0.02603915     -0.01339501      0.00898921     -0.03398936      0.05965134      0.00783024     -0.07486862      0.03053926      0.02227121      0.10081795     -0.02133636     -0.49014912      1.03629287     -0.48615734      0.00896261      0.01792867     -0.00421462      0.02107693     -0.01509973     -0.01730780
     -0.03938774     -0.03151589     -0.05712666     -5.54406261     16.02842876     -7.61653434     -0.11900782     -0.00293017      0.02189265     -0.12308335      0.01626865     -0.01541807     -0.04412590      0.04092716      0.06359172     -0.01689575      0.04678731      0.01135585      1.04005661     -2.91007641      1.27140228      0.00623888     -0.02018488     -0.00316606      0.01375584      0.00565695      0.01907315
      0.08013827     -0.06966763     -0.18347542      2.46183127     -7.61653434      5.14323495      0.08112533      0.01342448      0.05521416      0.00193782     -0.01890201      0.03032421      0.01964047      0.09028027     -0.15046433     -0.04038663      0.02024429      0.03582615     -0.47028410      1.24066469     -0.64578131     -0.01013846     -0.01535317     -0.01165257      0.02943837     -0.01490836     -0.01270760
     -0.05818754     -0.00768350      0.07000628     -0.01823375     -0.11900782      0.08112533      6.90127026      7.14183438      6.22681300     -0.15968804     -0.00337536     -0.00913290     -0.00587245     -0.05063638      0.02580411      0.01721971      0.02049633     -0.01357869      0.01945913      0.00023677     -0.08050667     -0.62584454     -0.61709668     -0.57428282      0.02427559      0.01293595      0.03372453
     -0.05753455      0.05244636      0.03094780      0.02603915     -0.00293017      0.01342448      7.14183438      9.83321622      7.00794832      0.09635405     -0.16597371      0.05864034     -0.06096761     -0.16792559      0.02956171      0.06044780      0.01403418      0.02764526     -0.00308380     -0.00637087      0.01377973     -0.62187563     -0.70463122     -0.64915125     -0.01989541      0.02150920     -0.01978716
     -0.04139620     -0.04156397      0.00233434     -0.01339501      0.02189265      0.05521416      6.22681300      7.00794832      7.71805466      0.11274285      0.14127133     -0.08335296      0.07672297      0.03583039      0.07567843     -0.02047595      0.01803128     -0.00920785      0.02724332     -0.03791326     -0.02517259     -0.57058736     -0.68005785     -0.70278852     -0.04228075      0.00057680      0.01796591
     -0.01277352      0.03856363     -0.01564325      0.00898921     -0.12308335      0.00193782     -0.15968804      0.09635405      0.11274285      1.58866452     -0.48151990     -0.67510105     -0.08579335      0.04883264      0.15190594      0.01601796     -0.01857759      0.01046128      0.00359362      0.03883697     -0.05158136      0.02313482      0.00244440     -0.03066224     -0.06538578     -0.01310313     -0.03164707
     -0.04103492      0.04107840      0.08389340     -0.03398936      0.01626865     -0.01890201     -0.00337536     -0.16597371      0.14127133     -0.48151990      2.93466182      6.14250703      0.03851461     -0.01204483     -0.00468559      0.06405270      0.01611278      0.02363550      0.01161783     -0.00298800      0.02289154     -0.01952854      0.01673108     -0.05482404     -0.03225246     -0.22415175     -0.51811304
      0.06319067      0.03738202     -0.03040783      0.05965134     -0.01541807      0.03032421     -0.00913290      0.05864034     -0.08335296     -0.67510105      6.14250703     19.16287394      0.09718876     -0.03760137      0.00937353     -0.03178837     -0.03584940     -0.00888723     -0.01652704      0.00940485      0.00946954      0.00781309      0.00065919      0.01683185     -0.02220525     -0.52532892     -1.71146220
     -0.12364975     -0.11699960     -0.02931570      0.00783024     -0.04412590      0.01964047     -0.00587245     -0.06096761      0.07672297     -0.08579335      0.03851461      0.09718876      0.24921343     -0.00300742      0.01006636     -0.11498122     -0.06023164     -0.07401542     -0.03538678      0.01267326      0.04098096     -0.01615172      0.00414683     -0.01316276     -0.11038007      0.04493010      0.00656837
     -0.06492521      0.05882574     -0.03138421     -0.07486862      0.04092716      0.09028027     -0.05063638     -0.16792559      0.03583039      0.04883264     -0.01204483     -0.03760137     -0.00300742      0.26132711      0.01561160     -0.08495602     -0.13193068     -0.06841037      0.02775688     -0.05126007     -0.03661744      0.00746266     -0.09010756      0.03574459      0.04228989     -0.03230469     -0.00421523
     -0.05415077     -0.01767904     -0.03653745      0.03053926      0.06359172     -0.15046433      0.02580411      0.02956171      0.07567843      0.15190594     -0.00468559      0.00937353      0.01006636      0.01561160      0.27808520     -0.06567738     -0.07004928     -0.07351409      0.03976589     -0.03119236     -0.22471390     -0.00651925      0.04211564     -0.04643822     -0.00294643     -0.00836903     -0.02510766
     -2.54782500      1.51382011     -0.80553976      0.02227121     -0.01689575     -0.04038663      0.01721971      0.06044780     -0.02047595      0.01601796      0.06405270     -0.03178837     -0.11498122     -0.08495602     -0.06567738      0.59132858     -0.15700098      0.27068880      0.01603051      0.01718783     -0.03762667      0.00578156     -0.01605315      0.01716467     -0.01424537     -0.00244569      0.00264524
      1.46329801     -1.12976478      0.45003011      0.10081795      0.04678731      0.02024429      0.02049633      0.01403418      0.01803128     -0.01857759      0.01611278     -0.03584940     -0.06023164     -0.13193068     -0.07004928     -0.15700098      0.39563870      0.05465142     -0.01499512     -0.01010477     -0.02900480     -0.00406077     -0.00629861     -0.00223843     -0.01211608      0.01147745      0.01299315
     -0.79581283      0.43279899     -0.37340545     -0.02133636      0.01135585      0.03582615     -0.01357869      0.02764526     -0.00920785      0.01046128      0.02363550     -0.00888723     -0.07401542     -0.06841037     -0.07351409      0.27068880      0.05465142      0.22528633      0.00714512     -0.02539011     -0.02811520      0.00645638     -0.00091814      0.00800969     -0.00435191      0.00299426      0.00317174
      0.04016187      0.05139375     -0.06675509     -0.49014912      1.04005661     -0.47028410      0.01945913     -0.00308380      0.02724332      0.00359362      0.01161783     -0.01652704     -0.03538678      0.02775688      0.03976589      0.01603051     -0.01499512      0.00714512      0.16665653     -0.24184091      0.02253634     -0.00386553     -0.00823926     -0.00128652     -0.00239559      0.00000052      0.00593819
     -0.01793428      0.01637227      0.07163484      1.03629287     -2.91007641      1.24066469      0.00023677     -0.00637087     -0.03791326      0.03883697     -0.00298800      0.00940485      0.01267326     -0.05126007     -0.03119236      0.01718783     -0.01010477     -0.02539011     -0.24184091      0.54987884     -0.13620379     -0.00008438      0.01685982      0.00601821     -0.00747193      0.00017787     -0.00613135
      0.01446495     -0.01608674      0.03974192     -0.48615734      1.27140228     -0.64578131     -0.08050667      0.01377973     -0.02517259     -0.05158136      0.02289154      0.00946954      0.04098096     -0.03661744     -0.22471390     -0.03762667     -0.02900480     -0.02811520      0.02253634     -0.13620379      0.53211974      0.00706853      0.01999238     -0.00722588      0.02548703     -0.00892619      0.00732113
      0.00274218      0.00754577     -0.00380219      0.00896261      0.00623888     -0.01013846     -0.62584454     -0.62187563     -0.57058736      0.02313482     -0.01952854      0.00781309     -0.01615172      0.00746266     -0.00651925      0.00578156     -0.00406077      0.00645638     -0.00386553     -0.00008438      0.00706853      0.00000000      0.00000000      0.00000000      0.00000000      0.00000000      0.00000000
      0.03339662      0.00762693     -0.03906628      0.01792867     -0.02018488     -0.01535317     -0.61709668     -0.70463122     -0.68005785      0.00244440      0.01673108      0.00065919      0.00414683     -0.09010756      0.04211564     -0.01605315     -0.00629861     -0.00091814     -0.00823926      0.01685982      0.01999238      0.00000000      0.00000000      0.00000000      0.00000000      0.00000000      0.00000000
     -0.01308780      0.01585992      0.01398460     -0.00421462     -0.00316606     -0.01165257     -0.57428282     -0.64915125     -0.70278852     -0.03066224     -0.05482404      0.01683185     -0.01316276      0.03574459     -0.04643822      0.01716467     -0.00223843      0.00800969     -0.00128652      0.00601821     -0.00722588      0.00000000      0.00000000      0.00000000      0.00000000      0.00000000      0.00000000
      0.02554160      0.01885295     -0.01387457      0.02107693      0.01375584      0.02943837      0.02427559     -0.01989541     -0.04228075     -0.06538578     -0.03225246     -0.02220525     -0.11038007      0.04228989     -0.00294643     -0.01424537     -0.01211608     -0.00435191     -0.00239559     -0.00747193      0.02548703      0.00000000      0.00000000      0.00000000      0.00000000      0.00000000      0.00000000
     -0.00628314     -0.01655745     -0.00257137     -0.01509973      0.00565695     -0.01490836      0.01293595      0.02150920      0.00057680     -0.01310313     -0.22415175     -0.52532892      0.04493010     -0.03230469     -0.00836903     -0.00244569      0.01147745      0.00299426      0.00000052      0.00017787     -0.00892619      0.00000000      0.00000000      0.00000000      0.00000000      0.00000000      0.00000000
     -0.01241561     -0.01617489      0.00510007     -0.01730780      0.01907315     -0.01270760      0.03372453     -0.01978716      0.01796591     -0.03164707     -0.51811304     -1.71146220      0.00656837     -0.00421523     -0.02510766      0.00264524      0.01299315      0.00317174      0.00593819     -0.00613135      0.00732113      0.00000000      0.00000000      0.00000000      0.00000000      0.00000000      0.00000000
