      0.18951371     -0.00050909      0.02306979     -0.08119196      0.00279905      0.00032021      0.00664312      0.00217446     -0.00404100      0.00884526      0.00082621      0.00769679     -0.00002478     -0.00019944     -0.00460625      0.00281526      0.00124507     -0.00286498     -0.03560804     -0.01085902     -0.00133362      0.00121968     -0.00045177      0.00013294     -0.00238782     -0.00416958     -0.00127325     -0.01516751     -0.01247691     -0.01561342     -0.05164489     -0.06198467      0.04325439     -0.03418301      0.03348026     -0.03914649     -0.01899503     -0.00762807      0.01014001      0.00092865      0.01120414      0.00256487     -0.00423097      0.00348222      0.00619694     -0.00125149      0.00298531     -0.00084097     -0.00645441      0.00304915     -0.00440693     -0.00663788     -0.00078229     -0.00205431     -0.00239652     -0.00478946     -0.00017352      0.00015046     -0.00091736      0.00141986     -0.00201043     -0.00039339      0.00038528      0.00063552      0.00211337     -0.00063770      0.00212557     -0.00758227      0.00409977     -0.01149381      0.01738118      0.01325593     -0.00959599      0.03856276     -0.02929454     -0.00054963     -0.00495271      0.00007156     -0.00115335     -0.00348215      0.00057685      0.00612115      0.00230489     -0.00378695      0.00079180      0.00231635      0.00132585
     -0.00050909      0.25068174      0.01226231      0.00738349      0.01025621     -0.01841817      0.00584309     -0.03699658      0.00619168     -0.00529314     -0.02257400      0.00062298      0.00053310     -0.00233379      0.00600915     -0.00202253      0.00168613      0.00143802      0.01109508      0.01979682     -0.02109378      0.00111513     -0.00081035      0.00257669     -0.00009373     -0.00102790      0.00038798     -0.01369874     -0.11016466     -0.09601120     -0.06925776     -0.09491998      0.05552205      0.03026718     -0.04210204      0.03294979      0.01080750     -0.01263886      0.00871359      0.00288625     -0.00476752      0.00373406      0.00086376      0.00133745     -0.00451513      0.00149110     -0.00468281     -0.00101472     -0.00091603     -0.00254646     -0.00282655     -0.00444968     -0.00513171      0.00057009     -0.00655450     -0.00276976     -0.00576928     -0.00000366     -0.00019174     -0.00132039     -0.00031363     -0.00053813     -0.00158235      0.00011517      0.00007670      0.00006126     -0.00214653     -0.00116850     -0.00098591     -0.00080314     -0.00081448      0.00111961      0.01565112     -0.07617527      0.03736586      0.00076245      0.00149888     -0.00078649      0.00037413     -0.00092043     -0.00387473      0.00029620     -0.00032464     -0.00140315     -0.00105228      0.00063283      0.00123872
      0.02306979      0.01226231      0.22490876      0.00011118     -0.02009153      0.01007222     -0.00191654     -0.00044015     -0.00160077     -0.00259626     -0.00632425     -0.00385206      0.00327575      0.00318371     -0.00681071      0.00091925     -0.00247436     -0.00058551     -0.00207636     -0.01973342      0.01055385     -0.00130458     -0.00017423     -0.00305004      0.00056055      0.00049444     -0.00069267     -0.02258907     -0.11185486     -0.14117356      0.03629959      0.05314170     -0.06187242     -0.06324524      0.06449311     -0.10531509      0.02635327      0.02419754     -0.05241428     -0.00420483      0.00062225      0.00204625      0.00387338     -0.00450098     -0.00295899     -0.00575144      0.00338445      0.00355017      0.00292989      0.00223793     -0.00151338      0.00035419      0.00359772     -0.00199649      0.00188713      0.00103984      0.00720138     -0.00079080      0.00024359      0.00067187      0.00126254      0.00156714      0.00119127      0.00027675     -0.00035846      0.00042206      0.00030501      0.00297143      0.00027227      0.00334411     -0.00029350     -0.00140968     -0.00576745      0.03014886     -0.03593869     -0.00050524     -0.00076477      0.00108567     -0.00050089     -0.00822587     -0.00115806     -0.00156091     -0.00030918      0.00087931      0.00081663      0.00047706     -0.00136060
     -0.08119196      0.00738349      0.00011118      0.20100020     -0.00253298     -0.00805626      0.01091983     -0.01009668      0.00235500     -0.00180865     -0.00154516      0.00694384     -0.01091864     -0.00462464     -0.00409916     -0.03272033      0.02550693     -0.01131324      0.00255884     -0.00171509      0.00258222      0.00049789      0.00070474      0.00130044      0.00014598      0.00059110      0.00041606     -0.00195363      0.00054528     -0.00927712     -0.01148051      0.04072437     -0.02537941     -0.05851560     -0.05053041      0.05768665     -0.00083467     -0.00641736     -0.00436983     -0.04879237      0.02878717     -0.03365476     -0.01501246     -0.00191902     -0.00009020     -0.00092279     -0.00055281     -0.00037242     -0.00524165     -0.00059499      0.00385238     -0.00007866      0.00174542     -0.00271642     -0.00154580     -0.00261416     -0.00294027     -0.00614111     -0.00101896      0.00554941      0.00146302      0.00230301      0.00082829     -0.00561196     -0.01006137     -0.00838003     -0.00042374     -0.03767402      0.03355582     -0.00160474      0.00031247      0.00061248      0.01281403      0.00335065     -0.00429016      0.00007898     -0.00017660     -0.00062730      0.00373446     -0.00038043      0.00448818      0.00081191     -0.00042178      0.00070140     -0.00139875     -0.00008892     -0.00105115
      0.00279905      0.01025621     -0.02009153     -0.00253298      0.23901979      0.00794848     -0.01722078     -0.03174922     -0.00603533      0.00442171     -0.00445867      0.00619677      0.01798263     -0.02878586     -0.00090221      0.00130579      0.01288761     -0.01635460      0.00233232      0.00087845      0.00028407      0.00372792     -0.00124112     -0.00055300      0.00115758     -0.00100384      0.00177426     -0.00660827      0.00405422     -0.00223478      0.04773114     -0.11556855      0.06014735     -0.02408766     -0.02486446      0.03032123     -0.00875683     -0.00604362      0.00311465     -0.00192572     -0.02665327      0.02350446     -0.01054894     -0.10617933     -0.08869332      0.00078303     -0.00425345      0.00398417     -0.00141234      0.00101866     -0.00262183     -0.00092572      0.00009805     -0.00064596     -0.00099320      0.00014662     -0.00248434      0.00007192     -0.00604416     -0.00152267     -0.00508569     -0.00519428     -0.00492405     -0.00001633      0.00054529      0.00320546     -0.01318822     -0.04565062      0.02703173      0.00202733      0.00323145      0.00049738      0.00087476      0.00023527      0.00127131     -0.00023407      0.00433505     -0.00011343      0.00051837     -0.00419549     -0.00183754     -0.00133408     -0.00251298     -0.00185632     -0.00048648      0.00081817     -0.00014136
      0.00032021     -0.01841817      0.01007222     -0.00805626      0.00794848      0.21568163      0.00302851     -0.00809469     -0.00310802      0.00007025      0.00291474     -0.00233786      0.00193829     -0.01320252     -0.01178658     -0.00089294     -0.01226563      0.00924311     -0.00120572     -0.00078434      0.00152975     -0.00330567     -0.00252974     -0.00372585     -0.00068753      0.00031544     -0.00338095      0.00258875     -0.00674500     -0.00404397     -0.01721826      0.06031909     -0.05850606      0.06435628      0.04158250     -0.09609640      0.00262202      0.00373566     -0.00036919     -0.04572948      0.04244505     -0.07583434     -0.00104042     -0.10521306     -0.12595405      0.00126268      0.00332742     -0.00218859     -0.00131096      0.00460872      0.00623653      0.00053986      0.00123541      0.00021676      0.00143938      0.00305704      0.00408437      0.00020144      0.00206418      0.00042060      0.00122753     -0.00149799      0.00435501     -0.00336311     -0.00019537     -0.00178469      0.00153144      0.02265708     -0.03577252     -0.00050661     -0.00288083     -0.00110860     -0.00086564      0.00222808     -0.00099413      0.00021234     -0.00444121      0.00085330      0.00488535      0.00109737     -0.00044948      0.00125433      0.00127243      0.00132870     -0.00054445      0.00104025      0.00218003
      0.00664312      0.00584309     -0.00191654      0.01091983     -0.01722078      0.00302851      0.14907957      0.00100616     -0.00410594     -0.03339490     -0.00026961      0.00268221      0.00731418      0.01756265     -0.01309581     -0.00458998     -0.00258189      0.01027891     -0.00636763     -0.00435314     -0.00463784     -0.00284733      0.00759929      0.00887972     -0.00403769      0.00386295      0.00211218     -0.03908696      0.03525923     -0.04731041     -0.00664804     -0.00409317     -0.00093294     -0.01177643     -0.00147577     -0.01086581     -0.00142163      0.01279074      0.00685397      0.00027164      0.00817901     -0.00958242     -0.03312226     -0.02352973      0.04676727     -0.02435342      0.00508232     -0.02616193     -0.03542061     -0.04702081      0.05228875     -0.00140028      0.01209611      0.00051965     -0.00071782      0.00146000      0.00064595     -0.01225063     -0.01250587      0.00322624     -0.00532978     -0.00199870      0.00451599     -0.00207863      0.00163403     -0.00190539     -0.01223207     -0.00866762     -0.00063950     -0.00622650     -0.00776772     -0.00123609     -0.00201679      0.00308804      0.00009380      0.00263502      0.00292619     -0.00719418     -0.01761713     -0.00807297      0.00127481      0.00170315      0.00469679      0.00272722     -0.00266046     -0.00224696     -0.00026276
      0.00217446     -0.03699658     -0.00044015     -0.01009668     -0.03174922     -0.00809469      0.00100616      0.21183071     -0.01031024      0.00236211     -0.00418241     -0.00443422     -0.00722726      0.00687774     -0.01199982      0.00109426     -0.00405419     -0.00041575     -0.00065255     -0.00475411      0.00601142      0.01374002     -0.01069802      0.00881182     -0.00557507      0.00250464      0.00824555      0.03319497     -0.04040091      0.03790390      0.00146456     -0.00041877      0.00345890     -0.00769553     -0.06365451     -0.06589391     -0.00156913      0.00350927     -0.00098059     -0.00108962      0.00153076     -0.00122959      0.00217210     -0.01239384      0.01650268      0.01112174     -0.02406706      0.01843948     -0.04134913     -0.05650434      0.04238470      0.00052913      0.00115497      0.00103315     -0.00248507      0.00731558      0.00322841      0.00407907      0.00228065      0.00402253      0.00122277     -0.00128361     -0.00444226      0.00026928     -0.00031547     -0.00019026     -0.00730723      0.00225627      0.00157202     -0.00042520     -0.00153041     -0.00091523      0.00918230     -0.00267931     -0.00044206     -0.00441913     -0.00873578      0.00309488     -0.00614867     -0.03167026     -0.03638460     -0.00145970     -0.00073025     -0.00521472      0.00372739     -0.00142064     -0.00543892
     -0.00404100      0.00619168     -0.00160077      0.00235500     -0.00603533     -0.00310802     -0.00410594     -0.01031024      0.24404093      0.00157449     -0.00663161      0.00073424      0.00178853     -0.00617758      0.00800874     -0.00055592      0.00241310     -0.00158265      0.00007392      0.00346162     -0.00239554      0.01423091      0.00315530      0.01434707     -0.00382289     -0.00497196      0.00376042     -0.05212181      0.04538673     -0.08536609     -0.00219131     -0.00071912     -0.00150770     -0.00660608     -0.09020020     -0.12118169     -0.00093431     -0.00339663     -0.00073007     -0.00198854     -0.00027884     -0.00326889      0.04927489      0.02956311     -0.07694643     -0.01897870      0.00944309     -0.05287858      0.04254714      0.03841475     -0.07110100     -0.00147125     -0.00003568      0.00093154     -0.00265174      0.00103763     -0.00183838     -0.00167458     -0.00231658     -0.00012071     -0.00514165     -0.00090319     -0.00006669      0.00062874      0.00009018      0.00089246      0.00244821      0.00197839      0.00144023     -0.00025339      0.00278692      0.00177337     -0.00144806     -0.00206798      0.00118936     -0.00189080      0.00370330     -0.00319657     -0.00201146     -0.00475879     -0.03744583     -0.00006022     -0.00093696     -0.00358504     -0.00584822     -0.00055474      0.00161623
      0.00884526     -0.00529314     -0.00259626     -0.00180865      0.00442171      0.00007025     -0.03339490      0.00236211      0.00157449      0.19258644      0.02787440     -0.02353161     -0.00493575     -0.00066286      0.00359407      0.00026343      0.00116588     -0.00082662      0.01020213      0.01355251      0.01478936     -0.00294464      0.00111427      0.00195578      0.00910496      0.00799090      0.01983209     -0.09578866     -0.05375315      0.08325313     -0.00833464     -0.00345474      0.00242620     -0.00673731     -0.00714278     -0.00330935     -0.01549872      0.00564702      0.00600949     -0.00030833     -0.00300996      0.00177080     -0.00515711      0.00003589     -0.00235580     -0.00026651      0.00099842     -0.00310867     -0.05076341      0.02779497     -0.03471766     -0.05085533     -0.00826687     -0.02820627     -0.08423665     -0.05312584     -0.04288370      0.00259082      0.00316674     -0.00017117      0.00070397     -0.00019232     -0.00103398     -0.00054897     -0.00021413     -0.00039908     -0.00150553     -0.00202846     -0.00034786     -0.00503036     -0.00053985     -0.00005751     -0.00375193     -0.00272562      0.00036836      0.00016177     -0.00257139      0.00000773      0.00103794      0.00772238     -0.00348149      0.00017350      0.00275065     -0.00465962     -0.00201980      0.00137987     -0.00379254
      0.00082621     -0.02257400     -0.00632425     -0.00154516     -0.00445867      0.00291474     -0.00026961     -0.00418241     -0.00663161      0.02787440      0.21223649     -0.01256371      0.00191759      0.00220284     -0.00219826      0.00014707     -0.00097657      0.00069656     -0.01489058     -0.04137451     -0.00348427     -0.00314221      0.00073869     -0.00100267      0.02237523     -0.02386073      0.00780324     -0.04341712     -0.03790948      0.04771749     -0.00560643     -0.00024061      0.00269587      0.00007138      0.00522691     -0.00394094     -0.01561618     -0.05639385     -0.04827251      0.00019530      0.00128951      0.00083917     -0.00050773     -0.00350059      0.00245325      0.00202963      0.00212855      0.00388310      0.04983994     -0.07105804      0.05065600      0.00442181      0.00879530      0.01683234     -0.05834490     -0.04017479     -0.03803331     -0.00005786      0.00002974     -0.00006081      0.00166381      0.00064479      0.00024375     -0.00034164     -0.00024602     -0.00018054      0.00055930     -0.00030850     -0.00023946      0.01457224     -0.00327735     -0.00597827      0.00282646     -0.00235602      0.00415874     -0.00085460     -0.00027669     -0.00019505      0.00232248     -0.00438680     -0.00134548     -0.00594176     -0.00170206      0.00853746     -0.00989106      0.00175617     -0.00406255
      0.00769679      0.00062298     -0.00385206      0.00694384      0.00619677     -0.00233786      0.00268221     -0.00443422      0.00073424     -0.02353161     -0.01256371      0.21579783     -0.00685828      0.00232112      0.00217673     -0.00065719      0.00018727      0.00206800      0.00710222     -0.00312358      0.00709519     -0.00172091      0.00005287     -0.00242813      0.01915185      0.00291238      0.00953775      0.09388397      0.06070920     -0.12282223      0.00018714     -0.00105634      0.00438002      0.00068176     -0.00668813     -0.00177162     -0.00633078     -0.06370289     -0.11338725      0.00102961     -0.00220298      0.00069479     -0.00105382      0.00249946     -0.00368553     -0.00133674      0.00391390      0.00125910     -0.04518395      0.04338638     -0.07229034     -0.02506775      0.00132216     -0.03298995     -0.04252996     -0.02023337     -0.04366414      0.00158686      0.00070448     -0.00187404      0.00081457     -0.00135532      0.00040505      0.00002649      0.00037616     -0.00007531     -0.00223202     -0.00158855     -0.00133403      0.00103551     -0.00151917      0.00078102      0.00023048      0.00218475     -0.00059073      0.00042575      0.00010357     -0.00081408      0.00224449     -0.00469838      0.00093644     -0.00324494      0.00290735     -0.00352736     -0.00218785      0.00020424      0.00068939
     -0.00002478      0.00053310      0.00327575     -0.01091864      0.01798263      0.00193829      0.00731418     -0.00722726      0.00178853     -0.00493575      0.00191759     -0.00685828      0.20841772     -0.01442176      0.00828780      0.00032751     -0.04107076     -0.01430830     -0.00007150      0.00000340      0.00030344     -0.01971834     -0.01234399     -0.01509659      0.00217827     -0.00061399     -0.00344997     -0.00315195     -0.00243183      0.00067377     -0.00632237      0.00546933     -0.00880043     -0.00050131      0.00430927      0.00497145      0.00140624      0.00147168     -0.00017295     -0.01314851     -0.01005693      0.00152209     -0.09875932      0.05592814     -0.08693046     -0.04750332     -0.00233903      0.03856598     -0.00515871      0.00226464      0.00286309      0.00068724     -0.00288325     -0.00028217     -0.00023002     -0.00043144      0.00198093     -0.10359052      0.01022840      0.06717392     -0.01510272      0.02585708      0.01208349     -0.00714044      0.00814216     -0.00483381     -0.00109269      0.00238580      0.00133891      0.00012316      0.00174141      0.00010210     -0.00155123     -0.00084569     -0.00019613      0.00681100     -0.00743275      0.00634540     -0.00401713      0.00335746     -0.00553040     -0.00049020     -0.00049691      0.00154934     -0.00027409     -0.00050765      0.00133800
     -0.00019944     -0.00233379      0.00318371     -0.00462464     -0.02878586     -0.01320252      0.01756265      0.00687774     -0.00617758     -0.00066286      0.00220284      0.00232112     -0.01442176      0.19960261     -0.01284744     -0.00737429     -0.04503741      0.00547050      0.00043925     -0.00019073      0.00192827     -0.02941726     -0.01864423      0.00695966     -0.00011784     -0.00063441     -0.00260520      0.00182097     -0.00373275      0.00076607      0.00941224      0.00119189      0.00469622      0.00014891     -0.00663659     -0.00026219     -0.00149240      0.00174789     -0.00099689      0.01597678     -0.05159234     -0.04705894      0.05385217     -0.04481071      0.06471157     -0.03852421     -0.03034102      0.03327527     -0.00556963      0.00017093      0.00274880      0.00000004      0.00059199     -0.00035307     -0.00024861      0.00083766      0.00058401     -0.00235064     -0.00533344      0.00889025      0.03495454     -0.03585834     -0.04896500     -0.01310907      0.01036288     -0.01144391      0.00169109     -0.01586926      0.00352528     -0.00400003     -0.00202481     -0.00023904      0.00006948     -0.00056014     -0.00175250      0.00766748     -0.01540115      0.00599936     -0.00019995      0.00065299     -0.00218794      0.00369923      0.00068046      0.00089873     -0.00212536      0.00065562      0.00147719
     -0.00460625      0.00600915     -0.00681071     -0.00409916     -0.00090221     -0.01178658     -0.01309581     -0.01199982      0.00800874      0.00359407     -0.00219826      0.00217673      0.00828780     -0.01284744      0.22870138     -0.01213552      0.00497256      0.00798315     -0.00031641     -0.00066096     -0.00026812     -0.01203529      0.00311218      0.01510662      0.00073619      0.00206148      0.00072490     -0.00285974      0.00403495     -0.00443676      0.00152214     -0.00057438      0.00839477      0.00472357     -0.00441297     -0.00353215     -0.00107857     -0.00265495      0.00037287      0.01354376     -0.06489123     -0.10388314     -0.09036248      0.07455673     -0.12348128      0.04159245      0.03013356     -0.08505314      0.00273732      0.00023656      0.00052141     -0.00030792      0.00153653     -0.00118063     -0.00016330      0.00048957     -0.00179660      0.05831057     -0.00062656     -0.05569692      0.02083009     -0.02394013     -0.05728430      0.00048848      0.00077933      0.00134798      0.00623460      0.00063990     -0.00005880     -0.00128255      0.00136551      0.00080749      0.00249280      0.00072377      0.00009561      0.00215923      0.00404656     -0.00077072      0.00246550     -0.00112186      0.00304170      0.00008993      0.00012201      0.00168674     -0.00052133     -0.00029660     -0.00122755
      0.00281526     -0.00202253      0.00091925     -0.03272033      0.00130579     -0.00089294     -0.00458998      0.00109426     -0.00055592      0.00026343      0.00014707     -0.00065719      0.00032751     -0.00737429     -0.01213552      0.36855921      0.03051904      0.05333542     -0.00180667     -0.00008563      0.00053500     -0.00119384     -0.00162052      0.00066043     -0.00022730     -0.00011130      0.00042595     -0.00010789     -0.00023477      0.00018321     -0.00374970      0.00109904     -0.00057899     -0.00232358      0.00110924     -0.00253796      0.00030187      0.00143356     -0.00028425     -0.11599363     -0.06060341      0.10614788     -0.00755357     -0.00294040     -0.00056797     -0.00196261     -0.00653997      0.00346236      0.00030009     -0.00137498      0.00026340      0.00013238      0.00060039      0.00054580      0.00034191      0.00035096      0.00047137     -0.05116231      0.04071796      0.04090570     -0.00103724     -0.00036127      0.00413564     -0.29264194     -0.11199736     -0.14215087     -0.09532425      0.08690420     -0.07291840      0.00172685     -0.00070708     -0.00081144     -0.00116665     -0.00002617      0.00002535     -0.00045516      0.00211480     -0.00086404      0.00105390     -0.00021569     -0.00047584     -0.00039440      0.00029930     -0.00070233      0.00038158     -0.00005716      0.00008925
      0.00124507      0.00168613     -0.00247436      0.02550693      0.01288761     -0.01226563     -0.00258189     -0.00405419      0.00241310      0.00116588     -0.00097657      0.00018727     -0.04107076     -0.04503741      0.00497256      0.03051904      0.29444228      0.00500864      0.00045734      0.00113343      0.00020108      0.00066940      0.00079893      0.00118871     -0.00060184     -0.00010286      0.00082683     -0.00153455      0.00161051      0.00130759     -0.00566771     -0.00470177      0.00481599     -0.00557629     -0.00025646      0.00572799     -0.00154026     -0.00206992      0.00069404     -0.05269899     -0.04484311      0.06048108     -0.00001794      0.00108108     -0.00307419      0.00086532      0.00167443     -0.00459729      0.00000271      0.00099445     -0.00106940     -0.00009675     -0.00071212      0.00005187      0.00008669     -0.00004758     -0.00022008      0.05390773     -0.14433750     -0.10451310      0.00263076     -0.00132927     -0.00310417     -0.10642075     -0.08431352     -0.05909545      0.07942085     -0.17338041      0.10932187      0.00023432     -0.00051715     -0.00041992     -0.00072103      0.00001727      0.00024998     -0.00045987      0.00171694     -0.00048196      0.00106179     -0.00093764     -0.00002136      0.00007795     -0.00010560     -0.00122375      0.00066178      0.00044922     -0.00011652
     -0.00286498      0.00143802     -0.00058551     -0.01131324     -0.01635460      0.00924311      0.01027891     -0.00041575     -0.00158265     -0.00082662      0.00069656      0.00206800     -0.01430830      0.00547050      0.00798315      0.05333542      0.00500864      0.27657838     -0.00069660      0.00035608      0.00140556     -0.00020509     -0.00164073     -0.00289546     -0.00003641     -0.00061768     -0.00065244      0.00181325     -0.00036216     -0.00049923      0.00421287      0.00578701      0.00301606      0.00112422      0.00024432     -0.00153480      0.00018030     -0.00014767     -0.00098533      0.10940070      0.06762991     -0.14075154     -0.00369609     -0.00305936     -0.00198708      0.00336058      0.00559242     -0.00054280     -0.00203049      0.00152215      0.00030077      0.00017614      0.00017296     -0.00078802     -0.00005033     -0.00040560     -0.00053426      0.04674598     -0.11417821     -0.12327154      0.00368635     -0.00485382      0.00235070     -0.15276804     -0.06494908     -0.11010459     -0.07054322      0.11963573     -0.11908629      0.00041513     -0.00045817     -0.00056767      0.00095572     -0.00032496     -0.00107445     -0.00036295      0.00192359     -0.00013186      0.00036933     -0.00039304      0.00004949      0.00066672      0.00085710     -0.00009529     -0.00023374      0.00035286      0.00011076
     -0.03560804      0.01109508     -0.00207636      0.00255884      0.00233232     -0.00120572     -0.00636763     -0.00065255      0.00007392      0.01020213     -0.01489058      0.00710222     -0.00007150      0.00043925     -0.00031641     -0.00180667      0.00045734     -0.00069660      0.34912191     -0.04550610     -0.03481161     -0.00096447      0.00022299     -0.00059992      0.00223448      0.00318849      0.00154782     -0.00326382      0.00758096     -0.00100504     -0.00214168     -0.00228994      0.00040118     -0.00109170      0.00176898      0.00247822     -0.08519825      0.06114204     -0.07761405     -0.00076231     -0.00141807      0.00038215      0.00035286      0.00035116      0.00063739     -0.00061487      0.00128555      0.00014170     -0.00017202      0.00305383      0.00110968     -0.08218321     -0.05801309     -0.07077801     -0.00505919      0.00849632     -0.00281822      0.00014240     -0.00034903     -0.00013130     -0.00016116     -0.00072649     -0.00024690      0.00057842      0.00004873      0.00047487      0.00078067      0.00040470     -0.00040797     -0.24706122      0.15647705      0.12631246     -0.11429780     -0.09889657      0.07821805      0.00049457      0.00087677      0.00009183      0.00019837     -0.00028044     -0.00067637     -0.00135069     -0.00048665      0.00148480     -0.00014116     -0.00024601     -0.00046334
     -0.01085902      0.01979682     -0.01973342     -0.00171509      0.00087845     -0.00078434     -0.00435314     -0.00475411      0.00346162      0.01355251     -0.04137451     -0.00312358      0.00000340     -0.00019073     -0.00066096     -0.00008563      0.00113343      0.00035608     -0.04550610      0.31879267      0.03796440     -0.00049473     -0.00006720      0.00002884      0.00058008      0.00276505      0.00262311      0.00701785      0.00373780     -0.00446389      0.00310160     -0.00381479      0.00271898      0.00753224     -0.00399413      0.00651573      0.05909649     -0.07645977      0.08161800      0.00071892     -0.00008789      0.00041104      0.00037671      0.00172995      0.00142203      0.00021232      0.00102784      0.00030054      0.00180882     -0.00039528      0.00209009     -0.06463749     -0.14011967     -0.11626894     -0.00186574      0.00263906      0.00014535      0.00006096     -0.00041407      0.00067911     -0.00054268     -0.00111394     -0.00030293     -0.00056967      0.00026765     -0.00057113     -0.00003817     -0.00228988     -0.00013933      0.15153714     -0.15483544     -0.09583103     -0.08096741     -0.14524074      0.08885396      0.00044703     -0.00097394     -0.00010486      0.00071274      0.00165759     -0.00015659      0.00063511      0.00139382      0.00066257     -0.00008978     -0.00075366     -0.00116202
     -0.00133362     -0.02109378      0.01055385      0.00258222      0.00028407      0.00152975     -0.00463784      0.00601142     -0.00239554      0.01478936     -0.00348427      0.00709519      0.00030344      0.00192827     -0.00026812      0.00053500      0.00020108      0.00140556     -0.03481161      0.03796440      0.27380353     -0.00090204     -0.00054017     -0.00073632     -0.00017085     -0.00051463     -0.00066757      0.00096359     -0.00438086     -0.00286476      0.00106083      0.00599075     -0.00011551      0.00066529     -0.00054765     -0.00087571     -0.08099419      0.08061088     -0.12975621      0.00059046      0.00101870     -0.00046750     -0.00054893     -0.00109060     -0.00012733      0.00053140      0.00107703      0.00104788     -0.00125201      0.00279556     -0.00075975     -0.08235961     -0.12348228     -0.15489437     -0.00244669      0.00136829      0.00146984     -0.00019305      0.00008688     -0.00051683     -0.00000896      0.00000996      0.00046299     -0.00117809     -0.00013888     -0.00082342     -0.00045715     -0.00047558     -0.00092665      0.12789124     -0.09887803     -0.10995927      0.07908574      0.10089784     -0.10802649     -0.00110572      0.00016499     -0.00015389     -0.00024215      0.00044150      0.00186044      0.00052692      0.00042743     -0.00047676     -0.00057550     -0.00017358      0.00045947
      0.00121968      0.00111513     -0.00130458      0.00049789      0.00372792     -0.00330567     -0.00284733      0.01374002      0.01423091     -0.00294464     -0.00314221     -0.00172091     -0.01971834     -0.02941726     -0.01203529     -0.00119384      0.00066940     -0.00020509     -0.00096447     -0.00049473     -0.00090204      0.27976008      0.00803249     -0.01579046     -0.00849930     -0.00350821     -0.00015755     -0.00158006      0.00160473     -0.00357630     -0.00133379      0.00056592      0.00069765      0.00160974     -0.00133024     -0.00332873      0.00191277     -0.00022806      0.00088702      0.00535886     -0.00291892      0.00734965      0.00211302     -0.00178142      0.00246277     -0.02188162      0.00123976     -0.00445329      0.00182432      0.00331194     -0.00048851      0.00067070     -0.00015838      0.00058818      0.00057598     -0.00044777      0.00046214     -0.00056988      0.00221663      0.00198755     -0.20879024     -0.03663744      0.13248341      0.00096515     -0.00040169      0.00065948     -0.00033243      0.00142674     -0.00053836      0.00177717      0.00014740     -0.00050267      0.00076383     -0.00096628      0.00027900     -0.03784412      0.00345060     -0.00060087     -0.16278993      0.04691448     -0.10253394     -0.00113124      0.00157135     -0.00114591     -0.00258475     -0.00228175      0.00256963
     -0.00045177     -0.00081035     -0.00017423      0.00070474     -0.00124112     -0.00252974      0.00759929     -0.01069802      0.00315530      0.00111427      0.00073869      0.00005287     -0.01234399     -0.01864423      0.00311218     -0.00162052      0.00079893     -0.00164073      0.00022299     -0.00006720     -0.00054017      0.00803249      0.40032910     -0.04800840      0.00034812      0.00151532     -0.00493961      0.00054149     -0.00015028     -0.00243488      0.00046012     -0.00097779      0.00059442      0.00133378     -0.00375353     -0.00194757      0.00061740      0.00084361     -0.00007369     -0.00155244     -0.00450919     -0.00185237     -0.00169417     -0.00587662      0.00243494     -0.00443772     -0.10649136     -0.11197755      0.00273520      0.00012076      0.00084060     -0.00032034      0.00035399     -0.00002493      0.00011355     -0.00036989     -0.00001022     -0.00173367     -0.00257419     -0.00019473     -0.03951902     -0.04419417      0.03000048      0.00129684     -0.00165927      0.00176011     -0.00126149      0.00022349      0.00017838     -0.00054026     -0.00004171      0.00048915     -0.00026633      0.00013585      0.00003826      0.00280224     -0.41594586      0.12695399      0.03469969     -0.03406243      0.03626227      0.00093440     -0.00159887      0.00341917     -0.00466241     -0.00332486     -0.00179007
      0.00013294      0.00257669     -0.00305004      0.00130044     -0.00055300     -0.00372585      0.00887972      0.00881182      0.01434707      0.00195578     -0.00100267     -0.00242813     -0.01509659      0.00695966      0.01510662      0.00066043      0.00118871     -0.00289546     -0.00059992      0.00002884     -0.00073632     -0.01579046     -0.04800840      0.26228886      0.00046449     -0.00162664      0.00502031     -0.00560666      0.00039202     -0.00135008      0.00060929     -0.00229566      0.00146615     -0.00104489     -0.00672343     -0.00447340      0.00042418     -0.00215566      0.00033863      0.00030376     -0.00652445     -0.00253828     -0.00105386      0.00480058     -0.00003828     -0.00315826     -0.12104097     -0.18269355      0.00413540     -0.00232176     -0.00192034     -0.00047200      0.00036731      0.00072124     -0.00012506     -0.00098972     -0.00087457      0.00556207     -0.00186238     -0.00120178      0.14442122      0.02473848     -0.12038447      0.00054403      0.00002693      0.00064822     -0.00075535     -0.00000925     -0.00015113     -0.00023031      0.00008114     -0.00004660     -0.00011169     -0.00021404      0.00074669      0.00255531      0.12889626     -0.07604370     -0.11075012      0.02709666     -0.09734403     -0.00156569      0.00246891     -0.00292054      0.00136297     -0.00148545     -0.00249917
     -0.00238782     -0.00009373      0.00056055      0.00014598      0.00115758     -0.00068753     -0.00403769     -0.00557507     -0.00382289      0.00910496      0.02237523      0.01915185      0.00217827     -0.00011784      0.00073619     -0.00022730     -0.00060184     -0.00003641      0.00223448      0.00058008     -0.00017085     -0.00849930      0.00034812      0.00046449      0.21170589      0.00832807     -0.02984359     -0.00221424     -0.00352214      0.00128641     -0.00088257      0.00123879     -0.00072463      0.00031910     -0.00340163      0.00324921      0.00133117     -0.00264139     -0.00833966      0.00003333     -0.00093052      0.00080895     -0.00169341     -0.00056730     -0.00070174      0.00226929     -0.00153250     -0.00051860     -0.04441850     -0.02596385     -0.04606829      0.00136727     -0.00334321     -0.00091195     -0.17242036      0.07672923     -0.05447960     -0.00151848     -0.00093166     -0.00002588      0.00352586      0.00118330     -0.00306732      0.00066075      0.00012530      0.00038438     -0.00040042      0.00022777     -0.00040076      0.00082252     -0.00122383     -0.00039881     -0.00072154     -0.00128857     -0.00006230      0.00113281     -0.00178814     -0.00061567     -0.04151539     -0.00748750      0.01794394     -0.08255300     -0.08652166      0.09289588     -0.02732194      0.00929593      0.02317155
     -0.00416958     -0.00102790      0.00049444      0.00059110     -0.00100384      0.00031544      0.00386295      0.00250464     -0.00497196      0.00799090     -0.02386073      0.00291238     -0.00061399     -0.00063441      0.00206148     -0.00011130     -0.00010286     -0.00061768      0.00318849      0.00276505     -0.00051463     -0.00350821      0.00151532     -0.00162664      0.00832807      0.26297616     -0.02494708      0.00001165     -0.00367572     -0.00025971     -0.00023321      0.00025111      0.00055865     -0.00356635     -0.00029119      0.00328142     -0.00532164     -0.00315001     -0.00385799     -0.00034713     -0.00033049      0.00027806     -0.00218715     -0.00326940     -0.00103773      0.00131356     -0.00068415     -0.00073782     -0.02915478     -0.03462336     -0.03240181      0.00027870     -0.00180057     -0.00144036      0.08559289     -0.07316064      0.03619355      0.00031166      0.00023174     -0.00056382      0.00141407      0.00086944      0.00023449      0.00087487     -0.00020938      0.00071612      0.00199290      0.00268661      0.00021810      0.00045428      0.00302406      0.00134528     -0.00159673      0.00078214     -0.00127836      0.00071168     -0.00083579     -0.00044699      0.00803189     -0.00185745      0.01194330     -0.07239356     -0.17616898      0.16336635     -0.00886005     -0.13626304     -0.12759966
     -0.00127325      0.00038798     -0.00069267      0.00041606      0.00177426     -0.00338095      0.00211218      0.00824555      0.00376042      0.01983209      0.00780324      0.00953775     -0.00344997     -0.00260520      0.00072490      0.00042595      0.00082683     -0.00065244      0.00154782      0.00262311     -0.00066757     -0.00015755     -0.00493961      0.00502031     -0.02984359     -0.02494708      0.30914448      0.00042475      0.00100935     -0.00012480      0.00021147      0.00067238      0.00046457     -0.00166431     -0.00252855      0.00225470     -0.00020546     -0.00597143     -0.00181484     -0.00090086     -0.00207628      0.00048622      0.00070594     -0.00020036     -0.00114978      0.00036139     -0.00164887     -0.00049488     -0.03520299     -0.02760831     -0.04777242     -0.00323588     -0.00244805      0.00031946     -0.04898489      0.02501042     -0.04403414      0.00132582      0.00110089      0.00088082     -0.00042823      0.00087113     -0.00055025     -0.00055084     -0.00005599     -0.00029513     -0.00034597     -0.00032460      0.00028269      0.00013090     -0.00017614      0.00023681     -0.00082728     -0.00076399     -0.00073933      0.00149239      0.00567401     -0.00184263      0.01321376      0.02055845     -0.01134862      0.08918292      0.15800155     -0.20348917     -0.00473465     -0.15180314     -0.22655651
     -0.01516751     -0.01369874     -0.02258907     -0.00195363     -0.00660827      0.00258875     -0.03908696      0.03319497     -0.05212181     -0.09578866     -0.04341712      0.09388397     -0.00315195      0.00182097     -0.00285974     -0.00010789     -0.00153455      0.00181325     -0.00326382      0.00701785      0.00096359     -0.00158006      0.00054149     -0.00560666     -0.00221424      0.00001165      0.00042475      0.33477325      0.04591324      0.00812086     -0.00347531     -0.00785165     -0.00023484      0.00815390      0.00509959     -0.00712558      0.00546802      0.00327725      0.00813176      0.00047331      0.00108816     -0.00047057     -0.03242363      0.00599227     -0.00790464     -0.01491916      0.01426165      0.00019558      0.00804307     -0.00711884     -0.00409854     -0.01632266      0.00317555      0.00592476     -0.00282331     -0.00706042     -0.00295353      0.00019111      0.00084157     -0.00172696      0.00005486     -0.00038839      0.00157316      0.00031733      0.00021393     -0.00021378     -0.00122953     -0.00368069     -0.00130851      0.00108014     -0.00424244     -0.00129237     -0.00085843      0.00400184      0.00477941      0.00058299     -0.00209851      0.00094418      0.00342533      0.00078343      0.00717705      0.00182284      0.00198360     -0.00008740      0.00153135     -0.00097513     -0.00184216
