      5.41252794      0.85115847      8.50114864      0.06291858      0.00251784      0.00138954     -0.01002175     -0.00030612     -0.00695610      0.00116331     -0.00142549      0.00670448     -0.00562061     -0.00582379      0.00608232      0.00638468      0.03259947      0.11068040     -0.00909089      0.01744134     -0.01972069      0.00257964      0.00211528     -0.00032550      0.00330359     -0.00929961     -0.00147123     -0.00806484     -0.01120027      0.00940337     -0.02196025      0.01576726      0.00749467     -0.00084723     -0.00107729     -0.00519493     -0.88301315     -0.21124814     -1.74341818     -0.01130387     -0.01600168     -0.00462740      0.00930207      0.00066635      0.00333211     -0.00296797     -0.00176059      0.00053941      0.00005624      0.00105004      0.00190775     -0.00159855     -0.00140342     -0.00191080
      0.85115847      0.92348862      2.74687379      0.02378271      0.00919258      0.00141450     -0.01034003     -0.00110462      0.00494791     -0.01142487      0.00446712     -0.00849541      0.00788409      0.00285769      0.00442008     -0.00115577     -0.00696633     -0.04453779     -0.01997051      0.02081143     -0.00578778      0.00144192     -0.00230978     -0.00001073      0.00104983     -0.00301426      0.00003356      0.00580685     -0.02002994      0.01295131     -0.00091350     -0.01760429      0.00144493      0.00946493      0.00559212      0.00269416     -0.17950656     -0.08942219     -0.39933263     -0.00366194     -0.01147780     -0.01440315      0.00602752     -0.00523517      0.00456624     -0.00040120     -0.00238430      0.00087767      0.00024482      0.00062638      0.00240567     -0.00254668      0.00215379     -0.00075871
      8.50114864      2.74687379     19.43830704      0.12096593     -0.04397497      0.02297259     -0.00385533      0.00352025     -0.01488342      0.01813486     -0.01332956      0.01253529     -0.00963855     -0.00785904     -0.00175386      0.04337579     -0.03739933     -0.08175677      0.00415363      0.00125335     -0.00081314     -0.00144176      0.00226153     -0.00155116     -0.00410248      0.00211732      0.00184781     -0.01059354     -0.00633908     -0.00195078      0.01019002      0.00577381      0.01765485      0.00054524      0.00162010      0.00524915     -1.60624880     -0.41261012     -3.35561096      0.01388254      0.03066963      0.00183060     -0.00364760      0.00545034     -0.00551601     -0.00552433     -0.00135251      0.00146529      0.00134796      0.00122903     -0.00102049      0.00022744      0.00032143      0.00050971
      0.06291858      0.02378271      0.12096593     20.88618333      2.97571928      7.16799501      0.05747046      0.01885119     -0.01279825      0.01947466      0.00242159      0.03566915     -0.00462778      0.00157017      0.00069575     -0.00188120     -0.00088196     -0.01113213     -0.03250063     -0.01725039     -0.00693858      0.00742174      0.00389745     -0.01269597      0.00006890     -0.00882787      0.00232475     -0.00783171     -0.01000796      0.01145314     -0.00235937      0.01061945     -0.00155355     -0.00384827     -0.00039421     -0.00196717     -0.00069369     -0.00619167     -0.02489150      0.01708419      0.05202633      0.01489257     -3.61870432     -0.45987061     -1.25630356     -0.03231279     -0.04370792      0.00862921     -0.00023873      0.00255923      0.00266604     -0.00323912     -0.00356635      0.00003488
      0.00251784      0.00919258     -0.04397497      2.97571928      1.83583262      0.72458844     -0.00033158     -0.00452140      0.00310765     -0.01040240     -0.00983199      0.00362139      0.01241087      0.01714994     -0.00935950      0.01754999      0.00432186     -0.00021906     -0.07334400     -0.03798675     -0.02090946     -0.00236040      0.00630738     -0.00142874      0.00067502      0.01866739      0.00967167      0.02795653      0.00907431     -0.01057792      0.02114842     -0.00238602     -0.00535290     -0.00491049     -0.00393036      0.00214060     -0.03613338      0.00958466      0.02600677     -0.00492377     -0.05860068      0.02139213     -0.37532795     -0.22464017     -0.13099074     -0.02194922     -0.00992672      0.01097271     -0.00176094      0.00236105     -0.00082151     -0.00070991      0.00045122     -0.00192980
      0.00138954      0.00141450      0.02297259      7.16799501      0.72458844      3.26711814      0.00244964      0.00494249     -0.01022866      0.00656584     -0.00231306      0.02902054      0.00056436     -0.01788414      0.00581738     -0.02351865     -0.00998096     -0.00533462      0.02738384      0.00604945      0.00060938      0.00803032     -0.00803187      0.00839279     -0.00156497     -0.03014183     -0.01249880     -0.02695197      0.00387786     -0.00538157     -0.02548790     -0.00228142      0.01184212      0.03402379      0.01110586      0.01384555      0.02022465     -0.00718480     -0.01366137      0.01841719      0.03288840     -0.00948714     -1.28442598     -0.14336010     -0.56962381     -0.02361977     -0.00280360      0.00816114     -0.00713374      0.00386893      0.00162551     -0.01363475      0.00021562     -0.00545941
     -0.01002175     -0.01034003     -0.00385533      0.05747046     -0.00033158      0.00244964     10.48297226      2.72376187      9.90882861      0.13570756      0.09927631     -0.02918642      0.00716696      0.02708525     -0.00517550      0.00422585      0.01454706     -0.00243302     -0.00460042     -0.00003011      0.00165925      0.03893214      0.02281921      0.07481347     -0.04013173      0.03204047      0.04909926      0.01470374     -0.00945588      0.01111787      0.00825341      0.00749098     -0.00904041     -0.03675610     -0.00253685     -0.02369708     -0.00479384      0.00436490      0.00573251     -0.01393254     -0.00659738     -0.00851771     -0.01030429     -0.01170483     -0.00315713     -0.00034321      0.00287977     -0.00297956     -1.83945227     -0.52652409     -1.87728901     -0.00117599     -0.02148492     -0.02256293
     -0.00030612     -0.00110462      0.00352025      0.01885119     -0.00452140      0.00494249      2.72376187      1.94425672      3.91173109      0.03889318      0.03600405     -0.00580886     -0.00548853      0.01386239     -0.00473770      0.00307434      0.00827010     -0.00346263      0.01718267      0.01093642      0.00056195     -0.04200702     -0.02373260     -0.02711109      0.00439093     -0.01568002      0.00370324     -0.00373148     -0.00510586      0.00214370      0.00342126     -0.00078359      0.00111553     -0.01332491     -0.01072401     -0.01426362      0.00200575     -0.00126588     -0.00167376     -0.00296161      0.00074304     -0.00152334     -0.00291739     -0.00700442      0.00169613      0.01485774      0.00616309      0.00984181     -0.44065528     -0.28342143     -0.58873842      0.00995834     -0.00098921     -0.03792171
     -0.00695610      0.00494791     -0.01488342     -0.01279825      0.00310765     -0.01022866      9.90882861      3.91173109     13.64429274      0.09293770      0.10554939      0.00070287      0.01157750     -0.01494575      0.00331559      0.00007659     -0.00914999      0.00515817      0.04867494      0.00888275     -0.00174831     -0.06021745     -0.04680876     -0.10013988      0.05152560     -0.00608738      0.03514296      0.00976929      0.01172676     -0.00655087      0.00811021     -0.00348906      0.00087020      0.01706556     -0.00155075      0.00062741     -0.01102513      0.00380936      0.01215078      0.00068447     -0.00878099     -0.00352728      0.00398628      0.00440714     -0.00102808      0.01023136      0.02581744     -0.02209437     -1.75539761     -0.62913584     -2.21605867     -0.02800649     -0.02478021     -0.03322919
      0.00116331     -0.01142487      0.01813486      0.01947466     -0.01040240      0.00656584      0.13570756      0.03889318      0.09293770      1.71528831     -1.84897507     -0.72001179     -0.04086287      0.02831561     -0.00080877      0.00034011      0.01792980     -0.00445961     -0.03070908      0.00157112      0.00029219     -0.00374118     -0.06987190     -0.08880534      0.00432425      0.02069281      0.00787843      0.00194782     -0.02321729      0.01200758     -0.00811461      0.01564653     -0.00371746     -0.04888015      0.02403984     -0.02312353      0.01294867     -0.00248945     -0.01180253     -0.01081917      0.01479810      0.00010114     -0.01053042     -0.01689143      0.00240800     -0.02563273     -0.03191948      0.02356549      0.00465115     -0.01400155     -0.04688447     -0.15219830      0.45138657      0.28907391
     -0.00142549      0.00446712     -0.01332956      0.00242159     -0.00983199     -0.00231306      0.09927631      0.03600405      0.10554939     -1.84897507     15.56383435     10.72427260      0.00840284     -0.03244472      0.00707182      0.00039894     -0.01871824      0.00945041     -0.01715384     -0.00637534     -0.00497622      0.00576872     -0.00205871     -0.01658610     -0.01097525     -0.01192446      0.00291704     -0.01213958      0.02164840     -0.02735895     -0.01228288     -0.00878566      0.00974182      0.03513625      0.03208816      0.06043315     -0.00779302      0.00331000      0.00670364      0.01257523     -0.00978804      0.00288907      0.00269802      0.01413882     -0.00350583     -0.00427002     -0.00980105      0.00453913     -0.01990824     -0.00998405     -0.02445250      0.34692756     -2.81531439     -1.92167341
      0.00670448     -0.00849541      0.01253529      0.03566915      0.00362139      0.02902054     -0.02918642     -0.00580886      0.00070287     -0.72001179     10.72427260      8.52852514      0.01617272      0.02357637      0.00050544      0.00072794      0.02440332     -0.01409942     -0.05016400     -0.00620825      0.00266958     -0.02965974     -0.02195246     -0.03691223      0.01135193      0.00263889     -0.01802792     -0.00242413     -0.02365388      0.02085485     -0.00109875      0.00969971      0.00174855     -0.01221488      0.00649620     -0.01963133      0.01098351     -0.00458281     -0.00894485     -0.01224713      0.00566956     -0.00701059     -0.00449020     -0.02448340      0.00378188      0.03051478      0.00319340     -0.00243105     -0.01441394     -0.01045971     -0.00776524      0.20696773     -1.88105288     -1.40058786
     -0.00562061      0.00788409     -0.00963855     -0.00462778      0.01241087      0.00056436      0.00716696     -0.00548853      0.01157750     -0.04086287      0.00840284      0.01617272      0.27370667      0.00695848      0.00401444     -0.05883761     -0.00958315      0.00865732      0.02000764      0.00252319      0.01085501     -0.06158626      0.02754545     -0.00888385      0.00562628      0.03363408      0.03418222     -0.04727501      0.05230548     -0.06091226     -0.06570789     -0.05896490      0.08469581     -0.15970704     -0.06739587     -0.08667201     -0.00280666      0.00013285      0.00497926      0.00320688     -0.01093583      0.00255774      0.00335436     -0.00800712      0.00170585      0.00207743      0.00222126     -0.00410998     -0.00776684      0.00375107      0.00714545     -0.01073280     -0.00231374     -0.01139892
     -0.00582379      0.00285769     -0.00785904      0.00157017      0.01714994     -0.01788414      0.02708525      0.01386239     -0.01494575      0.02831561     -0.03244472      0.02357637      0.00695848      0.25603517     -0.00100986      0.00297996     -0.01101085     -0.00634133     -0.05044386     -0.05404565     -0.00088763      0.05754048     -0.02655351      0.01086713      0.02755968     -0.12764757     -0.08108710      0.04502984     -0.05615365      0.05226856     -0.04868860     -0.03932387      0.06627936     -0.07147118     -0.04471236     -0.04970759     -0.00005117      0.00202864      0.00658013     -0.00723457      0.00441129     -0.00842938      0.00269258     -0.01448992      0.00847155     -0.00217316     -0.00434536      0.00723133      0.00555774     -0.00394499     -0.01091450      0.00469655      0.00305295      0.00275806
      0.00608232      0.00442008     -0.00175386      0.00069575     -0.00935950      0.00581738     -0.00517550     -0.00473770      0.00331559     -0.00080877      0.00707182      0.00050544      0.00401444     -0.00100986      0.25519225      0.00714658     -0.00006716      0.00731450      0.00901971     -0.00018251     -0.00473592      0.00533398      0.00834681     -0.00681253      0.02297753     -0.09459525     -0.07283326     -0.06733506      0.05123090     -0.09584198      0.09909604      0.08004799     -0.15450194     -0.09323269     -0.04572791     -0.08434913      0.00190450     -0.00280825     -0.00240466     -0.00122617     -0.00289934     -0.00494792     -0.00016423      0.00265719      0.00207699     -0.01386400     -0.00202801     -0.00414633      0.00614506      0.00271766     -0.00055135     -0.00607257     -0.00045140     -0.00323806
      0.00638468     -0.00115577      0.04337579     -0.00188120      0.01754999     -0.02351865      0.00422585      0.00307434      0.00007659      0.00034011      0.00039894      0.00072794     -0.05883761      0.00297996      0.00714658      0.27737834     -0.02470147     -0.01073857     -0.03467099      0.03107723     -0.00487765     -0.00337802      0.00081783     -0.00383502     -0.00909497      0.00342814     -0.00093362     -0.05009824     -0.05919975      0.05309417     -0.09074904      0.01833877     -0.08507267     -0.00722613      0.00012184     -0.01247476     -0.11731665      0.03746854      0.07419851     -0.02524951     -0.02774279     -0.01446328      0.00324170     -0.00061834      0.00374705     -0.00504057      0.00067745     -0.00148115     -0.00041911     -0.00166740      0.00059151     -0.00209785     -0.00147341     -0.00090595
      0.03259947     -0.00696633     -0.03739933     -0.00088196      0.00432186     -0.00998096      0.01454706      0.00827010     -0.00914999      0.01792980     -0.01871824      0.02440332     -0.00958315     -0.01101085     -0.00006716     -0.02470147      0.23520169      0.01475954      0.04855670     -0.03797351      0.01421177     -0.00272926     -0.00204816     -0.00355341      0.00059734      0.00217770     -0.00328212     -0.04776196     -0.10751227      0.08489321      0.01893609     -0.00523774      0.01634787     -0.00201057      0.00895265      0.00134206      0.03108553     -0.04392908     -0.03266036     -0.03230633     -0.17551844     -0.11149175     -0.00250733     -0.00083282      0.00081874      0.00183168      0.00580029      0.00498695      0.00014804     -0.00142820     -0.00217963      0.00019768      0.00049441     -0.00027037
      0.11068040     -0.04453779     -0.08175677     -0.01113213     -0.00021906     -0.00533462     -0.00243302     -0.00346263      0.00515817     -0.00445961      0.00945041     -0.01409942      0.00865732     -0.00634133      0.00731450     -0.01073857      0.01475954      0.27181938     -0.00194055      0.01074960     -0.00394778     -0.00454330      0.00603116     -0.00278398     -0.00043921     -0.00017792     -0.00490404      0.05151988      0.08748607     -0.12012610     -0.08834875      0.02191893     -0.12666089     -0.00237328     -0.00114728      0.00268518      0.05782307     -0.03067216     -0.11510245     -0.01774106     -0.11938232     -0.09078831     -0.00133875      0.00486528     -0.00080200     -0.00611387     -0.00363217      0.00043973      0.00122656     -0.00049133     -0.00078643      0.00007679     -0.00100141      0.00175953
     -0.00909089     -0.01997051      0.00415363     -0.03250063     -0.07334400      0.02738384     -0.00460042      0.01718267      0.04867494     -0.03070908     -0.01715384     -0.05016400      0.02000764     -0.05044386      0.00901971     -0.03467099      0.04855670     -0.00194055      0.46708135      0.06408283      0.02003342     -0.27609213     -0.05499660     -0.02240254     -0.03603957     -0.01973364      0.12392830      0.00160351      0.00126550      0.00380003      0.02298730      0.01142443     -0.00898948     -0.00063364     -0.03293718     -0.01243051      0.00234815      0.00311387     -0.00141254     -0.12137596     -0.01023249     -0.09052822     -0.02795140      0.00767429     -0.00989625      0.00177201      0.03381764     -0.03026464     -0.02311087      0.01085999      0.02580391     -0.02643060      0.00101696     -0.01368790
      0.01744134      0.02081143      0.00125335     -0.01725039     -0.03798675      0.00604945     -0.00003011      0.01093642      0.00888275      0.00157112     -0.00637534     -0.00620825      0.00252319     -0.05404565     -0.00018251      0.03107723     -0.03797351      0.01074960      0.06408283      0.31006044      0.01514806     -0.07039495     -0.00148015     -0.01546348     -0.01792596     -0.01376095      0.04959754      0.00127024     -0.00626302      0.00340259      0.02163018     -0.14060421     -0.10406379     -0.00287952     -0.00819537     -0.00488445      0.00208740     -0.00428610     -0.00963945     -0.00574688     -0.02379410     -0.00618054     -0.01687758     -0.16095291      0.03483418      0.00847769     -0.02932966      0.00989476     -0.00542236      0.00248345      0.00769833     -0.01174395     -0.00169347     -0.00375638
     -0.01972069     -0.00578778     -0.00081314     -0.00693858     -0.02090946      0.00060938      0.00165925      0.00056195     -0.00174831      0.00029219     -0.00497622      0.00266958      0.01085501     -0.00088763     -0.00473592     -0.00487765      0.01421177     -0.00394778      0.02003342      0.01514806      0.23025875     -0.01191776     -0.01077517      0.00835184      0.08182778      0.04345319     -0.12360887     -0.00361320      0.00080887     -0.00690491      0.01245064     -0.12691438     -0.10984396     -0.00402543      0.00017757      0.00338567      0.00350641      0.00305291      0.00894470     -0.09896530     -0.01164432     -0.10334430     -0.00118968      0.04626085     -0.03483440      0.00210039      0.02538238     -0.02791532     -0.00177422     -0.00004350     -0.00123845     -0.00121001     -0.00037581      0.00065696
      0.00257964      0.00144192     -0.00144176      0.00742174     -0.00236040      0.00803032      0.03893214     -0.04200702     -0.06021745     -0.00374118      0.00576872     -0.02965974     -0.06158626      0.05754048      0.00533398     -0.00337802     -0.00272926     -0.00454330     -0.27609213     -0.07039495     -0.01191776      0.49638894      0.03518748      0.02009004     -0.08262045     -0.02335416     -0.10353606     -0.01385524     -0.00112709     -0.00743309     -0.04009476      0.01466194      0.02004928     -0.02922855      0.03565766      0.01973967     -0.00084625      0.00073701     -0.00083780     -0.00011837     -0.00049658     -0.00263811     -0.00273954     -0.00391857      0.00024827     -0.06501145     -0.08011975      0.07039900     -0.06723485      0.01865941      0.03896166     -0.08705988     -0.00404619     -0.03118447
      0.00211528     -0.00230978      0.00226153      0.00389745      0.00630738     -0.00803187      0.02281921     -0.02373260     -0.04680876     -0.06987190     -0.00205871     -0.02195246      0.02754545     -0.02655351      0.00834681      0.00081783     -0.00204816      0.00603116     -0.05499660     -0.00148015     -0.01077517      0.03518748      0.26675557      0.01016000     -0.01505411     -0.01051780     -0.02282726      0.00360929      0.00239999      0.00170067     -0.00153438      0.00366593     -0.00209701     -0.00358704     -0.14142811     -0.05679223      0.00015083     -0.00005405     -0.00229878      0.00547316     -0.00089234     -0.00114456      0.00082061     -0.00412370      0.00071374     -0.06102168     -0.15998764      0.10616099      0.02820495     -0.04439478     -0.03712773      0.01942780     -0.03734583     -0.00831921
     -0.00032550     -0.00001073     -0.00155116     -0.01269597     -0.00142874      0.00839279      0.07481347     -0.02711109     -0.10013988     -0.08880534     -0.01658610     -0.03691223     -0.00888385      0.01086713     -0.00681253     -0.00383502     -0.00355341     -0.00278398     -0.02240254     -0.01546348      0.00835184      0.02009004      0.01016000      0.25225470     -0.05544360     -0.00731796     -0.10480993      0.00191809      0.00201676      0.00292124      0.00022629      0.00167893      0.00375767      0.00117453     -0.05283640     -0.04659712      0.00010674      0.00002378      0.00183813     -0.00116247      0.00166096     -0.00180377      0.00038596      0.00280757     -0.00150346      0.05703507      0.10149166     -0.11677523      0.03754034     -0.03910195     -0.10063652     -0.02357307     -0.01286182     -0.04414618
      0.00330359      0.00104983     -0.00410248      0.00006890      0.00067502     -0.00156497     -0.04013173      0.00439093      0.05152560      0.00432425     -0.01097525      0.01135193      0.00562628      0.02755968      0.02297753     -0.00909497      0.00059734     -0.00043921     -0.03603957     -0.01792596      0.08182778     -0.08262045     -0.01505411     -0.05544360      0.31925706      0.04302402     -0.06767599     -0.00675816      0.00215707      0.00158671      0.01078334      0.00263947      0.00555738     -0.00129904     -0.01219958     -0.00811212     -0.00026054     -0.00077602      0.00011275     -0.03096310      0.00394491      0.00471080      0.00406537     -0.01182243     -0.00291059      0.00687862      0.00619076     -0.00470250     -0.03559429      0.01200723     -0.00244800     -0.03855204      0.00055360     -0.00442245
     -0.00929961     -0.00301426      0.00211732     -0.00882787      0.01866739     -0.03014183      0.03204047     -0.01568002     -0.00608738      0.02069281     -0.01192446      0.00263889      0.03363408     -0.12764757     -0.09459525      0.00342814      0.00217770     -0.00017792     -0.01973364     -0.01376095      0.04345319     -0.02335416     -0.01051780     -0.00731796      0.04302402      0.25723486      0.07965337      0.02289995     -0.01139204      0.00105835      0.00371704      0.00570200      0.00288843     -0.01900031      0.00434491     -0.00818263      0.00123856      0.00094146      0.00369777     -0.01325573      0.00170756      0.00223112      0.00315322     -0.00067520     -0.00299979      0.00532954      0.00109966      0.01727980      0.00947826      0.00228425     -0.00512414      0.00177908      0.00162733      0.00476648
     -0.00147123      0.00003356      0.00184781      0.00232475      0.00967167     -0.01249880      0.04909926      0.00370324      0.03514296      0.00787843      0.00291704     -0.01802792      0.03418222     -0.08108710     -0.07283326     -0.00093362     -0.00328212     -0.00490404      0.12392830      0.04959754     -0.12360887     -0.10353606     -0.02282726     -0.10480993     -0.06767599      0.07965337      0.53735428     -0.00206371     -0.00059023      0.01205720      0.02673155     -0.01153944     -0.00323370     -0.00649194     -0.00725751     -0.00538927     -0.00102830      0.00093876      0.00065877      0.00245570     -0.00075258      0.01636274      0.00398969      0.01237738      0.00451910     -0.00189953      0.01266098     -0.03028528      0.01647541     -0.00452178      0.00889212     -0.03475702      0.00412736      0.00265105
     -0.00806484      0.00580685     -0.01059354     -0.00783171      0.02795653     -0.02695197      0.01470374     -0.00373148      0.00976929      0.00194782     -0.01213958     -0.00242413     -0.04727501      0.04502984     -0.06733506     -0.05009824     -0.04776196      0.05151988      0.00160351      0.00127024     -0.00361320     -0.01385524      0.00360929      0.00191809     -0.00675816      0.02289995     -0.00206371      0.26144970     -0.00080432      0.06118983      0.00404998     -0.00902151      0.00184723     -0.01350052     -0.00673001     -0.00247505     -0.01114003      0.00533093      0.01167723      0.00098663     -0.02365874      0.00460940     -0.00113274     -0.00032122      0.00012290      0.00674278      0.00511657     -0.00001357      0.00197608     -0.00189386     -0.00296962      0.00222514     -0.00135128      0.00096628
     -0.01120027     -0.02002994     -0.00633908     -0.01000796      0.00907431      0.00387786     -0.00945588     -0.00510586      0.01172676     -0.02321729      0.02164840     -0.02365388      0.05230548     -0.05615365      0.05123090     -0.05919975     -0.10751227      0.08748607      0.00126550     -0.00626302      0.00080887     -0.00112709      0.00239999      0.00201676      0.00215707     -0.01139204     -0.00059023     -0.00080432      0.33159559     -0.27177291      0.00137401     -0.00824605      0.00966937      0.01548153      0.00941731      0.00449353     -0.01616144      0.02220443      0.00898341      0.00649175     -0.02024189      0.00510650     -0.00173385      0.00021367     -0.00042909      0.00144910     -0.00161058      0.00003071      0.00012222      0.00071341      0.00083436      0.00033693     -0.00121346      0.00097875
      0.00940337      0.01295131     -0.00195078      0.01145314     -0.01057792     -0.00538157      0.01111787      0.00214370     -0.00655087      0.01200758     -0.02735895      0.02085485     -0.06091226      0.05226856     -0.09584198      0.05309417      0.08489321     -0.12012610      0.00380003      0.00340259     -0.00690491     -0.00743309      0.00170067      0.00292124      0.00158671      0.00105835      0.01205720      0.06118983     -0.27177291      0.30236808     -0.00307845      0.02280744     -0.00749055     -0.01086669     -0.00409103     -0.00567725      0.00546694     -0.00655301     -0.00266977      0.00072831      0.01936781      0.02239634     -0.00005551     -0.00045801      0.00026202      0.00072337      0.00231287      0.00041186     -0.00181706     -0.00059183     -0.00057934      0.00278219     -0.00012717     -0.00102183
     -0.02196025     -0.00091350      0.01019002     -0.00235937      0.02114842     -0.02548790      0.00825341      0.00342126      0.00811021     -0.00811461     -0.01228288     -0.00109875     -0.06570789     -0.04868860      0.09909604     -0.09074904      0.01893609     -0.08834875      0.02298730      0.02163018      0.01245064     -0.04009476     -0.00153438      0.00022629      0.01078334      0.00371704      0.02673155      0.00404998      0.00137401     -0.00307845      0.34628512      0.01482734     -0.03660564     -0.01007546     -0.00709266     -0.00759639     -0.01729574      0.00707560     -0.00302953      0.00576469     -0.01483413     -0.01352352      0.00273395      0.00217666      0.00052258     -0.01220520      0.00866329     -0.00249514     -0.00242943     -0.00060083      0.00244228     -0.00381564     -0.00011000     -0.00360028
      0.01576726     -0.01760429      0.00577381      0.01061945     -0.00238602     -0.00228142      0.00749098     -0.00078359     -0.00348906      0.01564653     -0.00878566      0.00969971     -0.05896490     -0.03932387      0.08004799      0.01833877     -0.00523774      0.02191893      0.01142443     -0.14060421     -0.12691438      0.01466194      0.00366593      0.00167893      0.00263947      0.00570200     -0.01153944     -0.00902151     -0.00824605      0.02280744      0.01482734      0.39882996      0.04916118     -0.00040411      0.00121921     -0.00048479      0.01113019     -0.00094299     -0.00494631     -0.00580383      0.00585747     -0.01697858     -0.01041403     -0.01383857      0.01076894      0.00667042     -0.00689732     -0.00190837      0.00094899     -0.00018473     -0.00136379     -0.00099330     -0.00010943      0.00100126
      0.00749467      0.00144493      0.01765485     -0.00155355     -0.00535290      0.01184212     -0.00904041      0.00111553      0.00087020     -0.00371746      0.00974182      0.00174855      0.08469581      0.06627936     -0.15450194     -0.08507267      0.01634787     -0.12666089     -0.00898948     -0.10406379     -0.10984396      0.02004928     -0.00209701      0.00375767      0.00555738      0.00288843     -0.00323370      0.00184723      0.00966937     -0.00749055     -0.03660564      0.04916118      0.65337184      0.00079957      0.00023312      0.01026531      0.00594039     -0.00086535      0.01147068     -0.00344114     -0.01165660     -0.00093189     -0.00546227     -0.00761052      0.00887100     -0.00126235      0.00063620      0.00853190     -0.00114992      0.00157609      0.00219449     -0.00028127      0.00158782      0.00055965
     -0.00084723      0.00946493      0.00054524     -0.00384827     -0.00491049      0.03402379     -0.03675610     -0.01332491      0.01706556     -0.04888015      0.03513625     -0.01221488     -0.15970704     -0.07147118     -0.09323269     -0.00722613     -0.00201057     -0.00237328     -0.00063364     -0.00287952     -0.00402543     -0.02922855     -0.00358704      0.00117453     -0.00129904     -0.01900031     -0.00649194     -0.01350052      0.01548153     -0.01086669     -0.01007546     -0.00040411      0.00079957      0.38912303      0.09784470      0.19943914     -0.00066911     -0.00040186      0.00173289      0.00128066     -0.00329257     -0.00262401      0.00015110     -0.00138654      0.00014289      0.02033926      0.00196187     -0.01097924     -0.00456517      0.00703114      0.01313147     -0.01959085      0.02720065     -0.00017829
     -0.00107729      0.00559212      0.00162010     -0.00039421     -0.00393036      0.01110586     -0.00253685     -0.01072401     -0.00155075      0.02403984      0.03208816      0.00649620     -0.06739587     -0.04471236     -0.04572791      0.00012184      0.00895265     -0.00114728     -0.03293718     -0.00819537      0.00017757      0.03565766     -0.14142811     -0.05283640     -0.01219958      0.00434491     -0.00725751     -0.00673001      0.00941731     -0.00409103     -0.00709266      0.00121921      0.00023312      0.09784470      0.28086867      0.17169191     -0.00116754     -0.00060089      0.00065902     -0.00135504     -0.00429256      0.00003495     -0.00178587     -0.00051120     -0.00037287     -0.02244393     -0.02109943      0.02405334      0.02856477      0.00196138     -0.02760589      0.02020328      0.00041536      0.00432582
     -0.00519493      0.00269416      0.00524915     -0.00196717      0.00214060      0.01384555     -0.02369708     -0.01426362      0.00062741     -0.02312353      0.06043315     -0.01963133     -0.08667201     -0.04970759     -0.08434913     -0.01247476      0.00134206      0.00268518     -0.01243051     -0.00488445      0.00338567      0.01973967     -0.05679223     -0.04659712     -0.00811212     -0.00818263     -0.00538927     -0.00247505      0.00449353     -0.00567725     -0.00759639     -0.00048479      0.01026531      0.19943914      0.17169191      0.23518960      0.00207843      0.00001345     -0.00054304     -0.00114453     -0.00125866     -0.00067790     -0.00205005     -0.00403345     -0.00019132      0.00419197      0.00731657      0.00882440     -0.00434813      0.00353708      0.00685221     -0.01075913      0.00172748      0.00459202
     -0.88301315     -0.17950656     -1.60624880     -0.00069369     -0.03613338      0.02022465     -0.00479384      0.00200575     -0.01102513      0.01294867     -0.00779302      0.01098351     -0.00280666     -0.00005117      0.00190450     -0.11731665      0.03108553      0.05782307      0.00234815      0.00208740      0.00350641     -0.00084625      0.00015083      0.00010674     -0.00026054      0.00123856     -0.00102830     -0.01114003     -0.01616144      0.00546694     -0.01729574      0.01113019      0.00594039     -0.00066911     -0.00116754      0.00207843      0.34571391     -0.05322749      0.13077146      0.00871653      0.03679964     -0.00174512     -0.00148039     -0.00012387     -0.00255286     -0.00057782      0.00036942     -0.00046294      0.00048963      0.00100051      0.00071280     -0.00056611     -0.00030432     -0.00063329
     -0.21124814     -0.08942219     -0.41261012     -0.00619167      0.00958466     -0.00718480      0.00436490     -0.00126588      0.00380936     -0.00248945      0.00331000     -0.00458281      0.00013285      0.00202864     -0.00280825      0.03746854     -0.04392908     -0.03067216      0.00311387     -0.00428610      0.00305291      0.00073701     -0.00005405      0.00002378     -0.00077602      0.00094146      0.00093876      0.00533093      0.02220443     -0.00655301      0.00707560     -0.00094299     -0.00086535     -0.00040186     -0.00060089      0.00001345     -0.05322749      0.07167205      0.12452789      0.00533878      0.00256353      0.00504968     -0.00162016      0.00088428     -0.00088956      0.00003692     -0.00034060     -0.00006068     -0.00068887     -0.00047488     -0.00068850      0.00036999     -0.00009305      0.00099811
     -1.74341818     -0.39933263     -3.35561096     -0.02489150      0.02600677     -0.01366137      0.00573251     -0.00167376      0.01215078     -0.01180253      0.00670364     -0.00894485      0.00497926      0.00658013     -0.00240466      0.07419851     -0.03266036     -0.11510245     -0.00141254     -0.00963945      0.00894470     -0.00083780     -0.00229878      0.00183813      0.00011275      0.00369777      0.00065877      0.01167723      0.00898341     -0.00266977     -0.00302953     -0.00494631      0.01147068      0.00173289      0.00065902     -0.00054304      0.13077146      0.12452789      0.71891927      0.00452649     -0.01396714      0.00200637     -0.00190434     -0.00324008      0.00163452      0.00395221      0.00118540     -0.00061406      0.00004020     -0.00118973     -0.00065849      0.00173950      0.00052814      0.00066656
     -0.01130387     -0.00366194      0.01388254      0.01708419     -0.00492377      0.01841719     -0.01393254     -0.00296161      0.00068447     -0.01081917      0.01257523     -0.01224713      0.00320688     -0.00723457     -0.00122617     -0.02524951     -0.03230633     -0.01774106     -0.12137596     -0.00574688     -0.09896530     -0.00011837      0.00547316     -0.00116247     -0.03096310     -0.01325573      0.00245570      0.00098663      0.00649175      0.00072831      0.00576469     -0.00580383     -0.00344114      0.00128066     -0.00135504     -0.00114453      0.00871653      0.00533878      0.00452649      0.31222796      0.05608671      0.18957269      0.00336194      0.00556796     -0.00271776     -0.02484001      0.00297820     -0.00373736     -0.00025372      0.00032045      0.00164178     -0.00386753     -0.00204579     -0.00054780
     -0.01600168     -0.01147780      0.03066963      0.05202633     -0.05860068      0.03288840     -0.00659738      0.00074304     -0.00878099      0.01479810     -0.00978804      0.00566956     -0.01093583      0.00441129     -0.00289934     -0.02774279     -0.17551844     -0.11938232     -0.01023249     -0.02379410     -0.01164432     -0.00049658     -0.00089234      0.00166096      0.00394491      0.00170756     -0.00075258     -0.02365874     -0.02024189      0.01936781     -0.01483413      0.00585747     -0.01165660     -0.00329257     -0.00429256     -0.00125866      0.03679964      0.00256353     -0.01396714      0.05608671      0.41292460      0.19535712      0.00974452     -0.01385271      0.01394859      0.00234125      0.00056863      0.00219225      0.00077573      0.00109171      0.00038253      0.00218621      0.00143271      0.00148378
     -0.00462740     -0.01440315      0.00183060      0.01489257      0.02139213     -0.00948714     -0.00851771     -0.00152334     -0.00352728      0.00010114      0.00288907     -0.00701059      0.00255774     -0.00842938     -0.00494792     -0.01446328     -0.11149175     -0.09078831     -0.09052822     -0.00618054     -0.10334430     -0.00263811     -0.00114456     -0.00180377      0.00471080      0.00223112      0.01636274      0.00460940      0.00510650      0.02239634     -0.01352352     -0.01697858     -0.00093189     -0.00262401      0.00003495     -0.00067790     -0.00174512      0.00504968      0.00200637      0.18957269      0.19535712      0.32392176      0.00834587      0.00700197      0.00489385     -0.01298247      0.00333442     -0.00259047      0.00069756      0.00069979      0.00114372      0.00097189     -0.00048901     -0.00067884
      0.00930207      0.00602752     -0.00364760     -3.61870432     -0.37532795     -1.28442598     -0.01030429     -0.00291739      0.00398628     -0.01053042      0.00269802     -0.00449020      0.00335436      0.00269258     -0.00016423      0.00324170     -0.00250733     -0.00133875     -0.02795140     -0.01687758     -0.00118968     -0.00273954      0.00082061      0.00038596      0.00406537      0.00315322      0.00398969     -0.00113274     -0.00173385     -0.00005551      0.00273395     -0.01041403     -0.00546227      0.00015110     -0.00178587     -0.00205005     -0.00148039     -0.00162016     -0.00190434      0.00336194      0.00974452      0.00834587      0.72123502      0.09469963      0.25240530     -0.02338139     -0.01781602     -0.00509004     -0.00002804      0.00090836      0.00015997     -0.00140303      0.00075307     -0.00182317
      0.00066635     -0.00523517      0.00545034     -0.45987061     -0.22464017     -0.14336010     -0.01170483     -0.00700442      0.00440714     -0.01689143      0.01413882     -0.02448340     -0.00800712     -0.01448992      0.00265719     -0.00061834     -0.00083282      0.00486528      0.00767429     -0.16095291      0.04626085     -0.00391857     -0.00412370      0.00280757     -0.01182243     -0.00067520      0.01237738     -0.00032122      0.00021367     -0.00045801      0.00217666     -0.01383857     -0.00761052     -0.00138654     -0.00051120     -0.00403345     -0.00012387      0.00088428     -0.00324008      0.00556796     -0.01385271      0.00700197      0.09469963      0.39230597     -0.04246191     -0.01299116     -0.00235382     -0.01115065      0.00069400     -0.00029350      0.00151494      0.00024787      0.00086072     -0.00112959
      0.00333211      0.00456624     -0.00551601     -1.25630356     -0.13099074     -0.56962381     -0.00315713      0.00169613     -0.00102808      0.00240800     -0.00350583      0.00378188      0.00170585      0.00847155      0.00207699      0.00374705      0.00081874     -0.00080200     -0.00989625      0.03483418     -0.03483440      0.00024827      0.00071374     -0.00150346     -0.00291059     -0.00299979      0.00451910      0.00012290     -0.00042909      0.00026202      0.00052258      0.01076894      0.00887100      0.00014289     -0.00037287     -0.00019132     -0.00255286     -0.00088956      0.00163452     -0.00271776      0.01394859      0.00489385      0.25240530     -0.04246191      0.15305843     -0.00215736     -0.00967649      0.00200568      0.00016938      0.00031634     -0.00062949      0.00009354      0.00036907      0.00035875
     -0.00296797     -0.00040120     -0.00552433     -0.03231279     -0.02194922     -0.02361977     -0.00034321      0.01485774      0.01023136     -0.02563273     -0.00427002      0.03051478      0.00207743     -0.00217316     -0.01386400     -0.00504057      0.00183168     -0.00611387      0.00177201      0.00847769      0.00210039     -0.06501145     -0.06102168      0.05703507      0.00687862      0.00532954     -0.00189953      0.00674278      0.00144910      0.00072337     -0.01220520      0.00667042     -0.00126235      0.02033926     -0.02244393      0.00419197     -0.00057782      0.00003692      0.00395221     -0.02484001      0.00234125     -0.01298247     -0.02338139     -0.01299116     -0.00215736      0.20094737      0.09700879     -0.04285295     -0.01812675      0.00383162      0.01990049     -0.03918176     -0.01681183     -0.00526654
