      0.28776921     -0.08769039     -0.02582703     -0.06451300     -0.01758886      0.00622524     -0.03100014      0.03467412      0.01951178      0.03529533      0.06307284     -0.00844732      0.00118864      0.00152046      0.00251361     -0.00096954      0.00103356     -0.00257493     -0.02723922      0.00028587     -0.01523285     -0.04519246     -0.05694702      0.01257269     -0.15161886      0.08955891     -0.05222943     -0.15356492     -0.05505668      0.07213916      0.00030783     -0.00102087     -0.00275614     -0.02466566     -0.00448874      0.00019746     -0.01093686      0.00117804      0.00711393     -0.00651258     -0.00069772      0.00537396      0.00066145      0.00285144      0.00315646     -0.00083330      0.00304263      0.00027407      0.00047859     -0.00092452      0.00136576      0.00053848     -0.00055738     -0.00043935     -0.00135351     -0.00042375      0.00050410      0.00022648     -0.00222112      0.00087194
     -0.08769039      0.47742341      0.02690754      0.08489115      0.04681696     -0.00713021      0.04653862     -0.04180576     -0.01736785     -0.04307956     -0.20215046     -0.01441823     -0.00293781     -0.00354393     -0.00193898      0.00000140     -0.00085870     -0.00009154     -0.01609944     -0.03087432     -0.05311423     -0.04070108     -0.20468155      0.00522203      0.10528870     -0.09224454      0.05232880     -0.07750814     -0.07411662      0.03976096      0.00349404     -0.00461315      0.00148072      0.02583935      0.00532584     -0.02703423      0.01059935     -0.00310917     -0.00320597      0.00011879     -0.01474008     -0.00132407     -0.00294143     -0.00016485     -0.00108148     -0.00103881     -0.00297047      0.00112464     -0.00172775     -0.00181061     -0.00033965      0.00021521      0.00098573      0.00037449     -0.00048367      0.00156083      0.00150651     -0.00200001     -0.00353270     -0.00016687
     -0.02582703      0.02690754      0.22780112      0.01260388     -0.00542614     -0.00225384      0.03238574     -0.02308497     -0.02292819     -0.01779760     -0.02490629      0.01104227     -0.00110389     -0.00286724     -0.00000801      0.00157516      0.00048824     -0.00301402     -0.01770367     -0.04424645     -0.22828508      0.00405924      0.01092192     -0.01778625     -0.07509358      0.05281443     -0.02888456      0.07900835      0.03573134     -0.06707512     -0.00219042      0.00002415      0.00167118      0.01088948      0.00611623     -0.01287401      0.00991708      0.00162039     -0.00073023     -0.00078973      0.00543963     -0.00314448     -0.00165144     -0.00366226     -0.00283004      0.00091480     -0.00543871     -0.00028772     -0.00113994     -0.00189148     -0.00086217      0.00006890      0.00129543     -0.00054122     -0.00070115      0.00021622      0.00009027     -0.00122102      0.00116875      0.00211230
     -0.06451300      0.08489115      0.01260388      0.19528623      0.01345668     -0.00213930      0.01363404      0.00443757     -0.01811356     -0.02411551     -0.07817333      0.00322930      0.00310601     -0.00106420     -0.00058097     -0.02349557     -0.00228260      0.01327204     -0.01286055     -0.00559439     -0.00763151     -0.03649480      0.06757905     -0.01712523     -0.02070625     -0.04723702      0.00093875     -0.00861459     -0.02225706      0.01033255     -0.05282321      0.04248779     -0.01866570     -0.01605424      0.00990917      0.01419049      0.00367854     -0.00827056      0.00375210     -0.00240914     -0.01377704      0.00545680      0.00060244     -0.00206189      0.00057036     -0.00224248     -0.00167122     -0.00290561     -0.00239845     -0.00088857      0.00130508      0.00025977     -0.00114478      0.00006462     -0.00184028     -0.00405042     -0.01285168     -0.00985885     -0.02232321      0.00726709
     -0.01758886      0.04681696     -0.00542614      0.01345668      0.20697547      0.01402595     -0.00165228     -0.01537942     -0.01934720     -0.00273947     -0.02544761     -0.00361123      0.00305225     -0.00163491      0.00027758     -0.00849211      0.01851096     -0.00564883     -0.00303296     -0.00928955     -0.00196683      0.04530283     -0.07657185      0.00986030     -0.03143933     -0.10595663      0.03481646     -0.00308239     -0.00200266      0.00712274      0.02543426     -0.03825547      0.02474900      0.01262738     -0.03678650     -0.04530995     -0.00327280     -0.00344322     -0.00854413     -0.01059732     -0.01358160      0.00519027     -0.00082565     -0.00032273      0.00041796     -0.00127869      0.00011777      0.00086389      0.00033651     -0.00555889     -0.00093173      0.00052515     -0.00112475      0.00005080      0.00019198      0.00008225      0.00036062     -0.00365915     -0.07353533      0.00501384
      0.00622524     -0.00713021     -0.00225384     -0.00213930      0.01402595      0.25842094     -0.01844538     -0.02885796     -0.01946211      0.00375048      0.00042797     -0.00141798      0.01522943     -0.00345262      0.00393047      0.01264172     -0.00862382     -0.00091679     -0.00550293     -0.00245956     -0.01167740      0.00300720      0.00042061     -0.01946645      0.02981017      0.06389555     -0.04307411      0.00277272      0.00300710     -0.00130032     -0.04208769      0.02081558     -0.03803856      0.01050905     -0.04679856     -0.27821928     -0.00101706      0.00761221      0.00427958     -0.00401758      0.00167945      0.00277296     -0.00103688     -0.00027698     -0.00014961     -0.00074416     -0.00006147      0.00100449     -0.00492231      0.00352577     -0.00270708     -0.00099945     -0.00039447      0.00026460      0.00042985      0.00072251      0.00159113     -0.00974022     -0.00013682     -0.02626483
     -0.03100014      0.04653862      0.03238574      0.01363404     -0.00165228     -0.01844538      0.17447932     -0.01988737     -0.01149732     -0.01744244     -0.01331738      0.01080048     -0.01040860     -0.00922134      0.00070356      0.00275188     -0.00065183     -0.00167640     -0.12325655      0.04998036     -0.07730924     -0.00628244      0.00666714     -0.00112205     -0.00638566     -0.00460335      0.00020262     -0.00109973     -0.00148296      0.00034442     -0.00088083     -0.00171515     -0.00298159     -0.04543564     -0.04771666      0.04588202     -0.03523942      0.03682299      0.02108159     -0.00089022     -0.02105789     -0.01361861      0.00166460      0.00208755     -0.00227863      0.00571926      0.00042369      0.00171880     -0.00457640      0.00038620     -0.00085397      0.00438031      0.00192979     -0.00115642      0.00024249     -0.00112782      0.00267951     -0.00652048     -0.00075042      0.00373506
      0.03467412     -0.04180576     -0.02308497      0.00443757     -0.01537942     -0.02885796     -0.01988737      0.20143470      0.02299774     -0.01012750      0.03646797      0.01572540     -0.00723764      0.00744502      0.00535091     -0.00196429      0.00034172      0.00112217      0.06748112     -0.04823750      0.02983263     -0.00491580     -0.00357445      0.00169876     -0.01348157     -0.01300062     -0.02212290     -0.00298571     -0.00107800      0.00196233      0.00093186     -0.00355257     -0.00560933     -0.05786150     -0.07513485      0.05973444      0.02508056     -0.03052399     -0.02514088     -0.01219094     -0.15218239     -0.03828316      0.00263226      0.00013377     -0.00513447      0.00599522     -0.00371387     -0.00061324     -0.00260074     -0.00240269      0.00068864      0.00109742      0.00010927     -0.00038789     -0.00181567      0.00203499      0.00005112     -0.00507050      0.00030757      0.00573494
      0.01951178     -0.01736785     -0.02292819     -0.01811356     -0.01934720     -0.01946211     -0.01149732      0.02299774      0.25102307      0.01044618      0.01395307      0.00233338      0.00705536      0.01232584      0.00510863     -0.00288528     -0.00289784      0.00025278     -0.07442346      0.03484529     -0.03970595      0.00083991     -0.00904702      0.00079457      0.00696444     -0.05916210     -0.21267841      0.00100770     -0.00214497     -0.00311869     -0.00312080     -0.00139143      0.00235609      0.05634765      0.05786054     -0.05012484      0.01336134     -0.02406461     -0.03626722     -0.00723002     -0.02245833     -0.03079293      0.00239807     -0.00060114      0.00276468     -0.00314570      0.00429955     -0.00423656      0.00201141     -0.00416403     -0.00132813     -0.00036067     -0.00100003      0.00029196      0.00433162     -0.00100218      0.00220230     -0.00634831      0.00266600      0.00084746
      0.03529533     -0.04307956     -0.01779760     -0.02411551     -0.00273947      0.00375048     -0.01744244     -0.01012750      0.01044618      0.29298027      0.07553876      0.06626714     -0.00041008     -0.00150475     -0.00013311      0.00045656      0.00045579     -0.00153800     -0.00342574      0.00808251      0.00467760     -0.00114039     -0.00394987      0.00116985     -0.00618554      0.00248740     -0.01163704     -0.04977245      0.00986488      0.02152553     -0.00027890      0.00111192     -0.00070453     -0.00685435     -0.00359964      0.00061656      0.00264980     -0.00232291     -0.00003995     -0.11295107      0.05719603      0.06476451     -0.27599205     -0.11326719     -0.17706829     -0.03835012      0.00213781     -0.02336574     -0.00125195      0.00081645      0.00048455      0.00077147     -0.00040495      0.00021025      0.00094153     -0.00042116      0.00090346      0.00058588     -0.00117106      0.00115252
      0.06307284     -0.20215046     -0.02490629     -0.07817333     -0.02544761      0.00042797     -0.01331738      0.03646797      0.01395307      0.07553876      0.39693970     -0.03682272     -0.00024813      0.00187368     -0.00019210     -0.00224745     -0.00015222      0.00046535      0.00821928      0.00037456      0.01165388     -0.00567370     -0.00845191      0.00254986     -0.01327491      0.00947956     -0.01021332      0.04891487     -0.07745918     -0.05009198     -0.00075521     -0.00113614     -0.00113893     -0.02275149     -0.00705480      0.01897577     -0.00295495     -0.00323084      0.00193314      0.01637801     -0.04925267     -0.02099643     -0.11524016     -0.07874997     -0.07298760      0.00453067     -0.20509380      0.20276625     -0.00034266      0.00081117      0.00178282     -0.00172709      0.00196371     -0.00087194     -0.00173562     -0.00068084     -0.00150689      0.00031926      0.00069937     -0.00123356
     -0.00844732     -0.01441823      0.01104227      0.00322930     -0.00361123     -0.00141798      0.01080048      0.01572540      0.00233338      0.06626714     -0.03682272      0.30384241      0.00045075      0.00014341      0.00075126     -0.00067407      0.00090083      0.00112473     -0.00466327     -0.00239655     -0.01009127     -0.00258336     -0.00089486      0.00060123     -0.00516048      0.00138472     -0.00796553      0.02640181     -0.01852096     -0.04302403     -0.00011991     -0.00061316     -0.00053778     -0.00035991      0.00248457      0.00179954     -0.00204378     -0.00070741      0.00045744      0.06136032     -0.04485254     -0.07659089     -0.18007172     -0.07047223     -0.15907946     -0.02101373      0.19245997     -0.25218135     -0.00251208     -0.00092611     -0.00015847     -0.00099830      0.00084863     -0.00020834     -0.00084983      0.00000893     -0.00059807     -0.00033973      0.00095639     -0.00182170
      0.00118864     -0.00293781     -0.00110389      0.00310601      0.00305225      0.01522943     -0.01040860     -0.00723764      0.00705536     -0.00041008     -0.00024813      0.00045075      0.26449948     -0.05231316      0.04119599     -0.00207458     -0.01353369     -0.00983788     -0.00235324      0.00601747     -0.00243820      0.00250618     -0.00056929     -0.00190838      0.00030822      0.00101140      0.00166676      0.00049189      0.00098539     -0.00088932     -0.02988698      0.03170340      0.03225358      0.00881590      0.00075149     -0.01145283     -0.09817281     -0.06645070     -0.07612446      0.00216213      0.00050765     -0.00016528      0.00056026     -0.00021845     -0.00054499     -0.00067780      0.00035090     -0.00177380     -0.08172249     -0.05033925      0.06005746     -0.24365445      0.19018301     -0.08628812     -0.00028459      0.00284210      0.00004069     -0.00104260      0.00279576      0.00065668
      0.00152046     -0.00354393     -0.00286724     -0.00106420     -0.00163491     -0.00345262     -0.00922134      0.00744502      0.01232584     -0.00150475      0.00187368      0.00014341     -0.05231316      0.27199904     -0.00390919     -0.00181623     -0.05370959     -0.01445251      0.00017759      0.00306715     -0.00068623     -0.00056013     -0.00111323      0.00065434      0.00250806     -0.00030601     -0.00445189     -0.00096852     -0.00082373      0.00048229      0.00966261     -0.03302195     -0.05844047     -0.00293621      0.00970189      0.00913500     -0.02939741     -0.08661084     -0.05840444      0.00274245     -0.00033461     -0.00120221      0.00041482      0.00005323     -0.00023065      0.00030521     -0.00069463     -0.00023867     -0.05737119     -0.07568172      0.06152974      0.19465001     -0.21545213      0.08528483     -0.00749409      0.00954981     -0.00287955      0.00601484      0.00243785     -0.00087791
      0.00251361     -0.00193898     -0.00000801     -0.00058097      0.00027758      0.00393047      0.00070356      0.00535091      0.00510863     -0.00013311     -0.00019210      0.00075126      0.04119599     -0.00390919      0.23523488     -0.00537355     -0.00502061     -0.00442080      0.00059893     -0.00055456     -0.00191466      0.00143899      0.00094831     -0.00128899      0.00142693      0.00162874     -0.00253363     -0.00027934     -0.00073055      0.00175862      0.01913387     -0.07379632     -0.15077129     -0.00075895      0.00577620     -0.00989140     -0.06353833     -0.07343070     -0.10027503     -0.00045893     -0.00059335      0.00188809      0.00011982      0.00006657     -0.00050936      0.00005163      0.00014372     -0.00091058      0.06452208      0.07712424     -0.08202318     -0.08595668      0.07974528     -0.06545262     -0.00273678     -0.00008645     -0.00144781      0.00515944     -0.00163736      0.00222943
     -0.00096954      0.00000140      0.00157516     -0.02349557     -0.00849211      0.01264172      0.00275188     -0.00196429     -0.00288528      0.00045656     -0.00224745     -0.00067407     -0.00207458     -0.00181623     -0.00537355      0.34450288      0.02788681      0.04206221      0.00012250      0.00115136      0.00005550     -0.00470233      0.00158866     -0.00054399     -0.00376300      0.00354369     -0.00012187      0.00118016      0.00256497     -0.00006695     -0.06489650     -0.07180405      0.04815543     -0.00095276     -0.00460308     -0.00296429     -0.00021789     -0.00357976      0.00049544     -0.00103844      0.00248576     -0.00031836      0.00102636      0.00045674      0.00088701      0.00037266      0.00278454      0.00020710     -0.04966861      0.02541721      0.05449776      0.00055712      0.00066299      0.00089492     -0.29161132     -0.10430201     -0.15173708     -0.13307935      0.12072714     -0.02615759
      0.00103356     -0.00085870      0.00048824     -0.00228260      0.01851096     -0.00862382     -0.00065183      0.00034172     -0.00289784      0.00045579     -0.00015222      0.00090083     -0.01353369     -0.05370959     -0.00502061      0.02788681      0.28664624      0.02639094      0.00113784     -0.00331744      0.00105797      0.00345828     -0.00299734     -0.00093237     -0.00196287     -0.00455232      0.00541286     -0.00055587      0.00034976      0.00021680     -0.05885365     -0.12777999      0.08624226      0.00171063     -0.00178676      0.00236449     -0.00761170      0.00135837     -0.00340191     -0.00030450     -0.00149777     -0.00059596      0.00084936      0.00004441      0.00041082     -0.00035967      0.00132747     -0.00017581      0.02822438     -0.04406209     -0.06203770      0.00342386     -0.00181239      0.00452050     -0.10056358     -0.07995236     -0.06634657      0.11352249     -0.16641038      0.02504791
     -0.00257493     -0.00009154     -0.00301402      0.01327204     -0.00564883     -0.00091679     -0.00167640      0.00112217      0.00025278     -0.00153800      0.00046535      0.00112473     -0.00983788     -0.01445251     -0.00442080      0.04206221      0.02639094      0.26428125     -0.00239751      0.00122454      0.00121304     -0.00071806     -0.00048163      0.00307264      0.00160243      0.00199569      0.00176957      0.00034315     -0.00085549     -0.00067029      0.05852844      0.10272546     -0.08799837     -0.00335992     -0.00703038     -0.00256857      0.00155392     -0.00006301      0.00156583      0.00254499      0.00100177     -0.00019308      0.00048310      0.00017403      0.00051626     -0.00009488     -0.00004637     -0.00156340      0.06402555     -0.08102760     -0.18932636      0.00224065      0.00166601      0.00054922     -0.16154847     -0.07091880     -0.13187413     -0.03008648      0.03446469     -0.03095681
     -0.02723922     -0.01609944     -0.01770367     -0.01286055     -0.00303296     -0.00550293     -0.12325655      0.06748112     -0.07442346     -0.00342574      0.00821928     -0.00466327     -0.00235324      0.00017759      0.00059893      0.00012250      0.00113784     -0.00239751      0.29425596     -0.11918300      0.16601058      0.00234153      0.00561395      0.00135508      0.00268828      0.00116572     -0.00835435      0.00404330      0.00093464      0.02242099      0.00031258     -0.00232188      0.00320600     -0.02709669     -0.01852592     -0.00789416     -0.00600314      0.00037831      0.00884612      0.00473115      0.01411241      0.00087840     -0.00131308      0.00056478      0.00040770      0.00275763      0.00093526      0.00015190      0.00120881      0.00050740     -0.00018878     -0.00049564     -0.00059368      0.00051883     -0.00089098     -0.00122651     -0.00066064      0.00072516     -0.00131069      0.00030101
      0.00028587     -0.03087432     -0.04424645     -0.00559439     -0.00928955     -0.00245956      0.04998036     -0.04823750      0.03484529      0.00808251      0.00037456     -0.00239655      0.00601747      0.00306715     -0.00055456      0.00115136     -0.00331744      0.00122454     -0.11918300      0.13919524      0.00487994     -0.01554980     -0.00689694     -0.01236548      0.00610238      0.01580132     -0.00095056      0.00271416      0.00808873      0.00538642      0.00113586      0.00563700      0.00275727      0.00289480      0.00628083      0.00167565     -0.00046145      0.00048642     -0.00488057      0.01017140     -0.03335467      0.01659930     -0.00180334      0.00005341     -0.00205397     -0.00437148      0.00121697     -0.00206445      0.00019229     -0.00109340     -0.00017543      0.00071251     -0.00134138      0.00076876      0.00261226     -0.00058128      0.00064410     -0.00268876      0.00285569     -0.00110166
     -0.01523285     -0.05311423     -0.22828508     -0.00763151     -0.00196683     -0.01167740     -0.07730924      0.02983263     -0.03970595      0.00467760      0.01165388     -0.01009127     -0.00243820     -0.00068623     -0.00191466      0.00005550      0.00105797      0.00121304      0.16601058      0.00487994      0.52876266     -0.01190244     -0.03714808      0.00717429     -0.02611829      0.00286690     -0.01517570      0.03217147      0.02775791     -0.03325516     -0.00165519      0.00010604     -0.00127091      0.00190336     -0.00137675      0.01631704     -0.00386167      0.00726334      0.00614230      0.01169223      0.00876652      0.00136388     -0.00527881     -0.00094539     -0.00395968      0.00267740     -0.00603204      0.00710968     -0.00179831      0.00060789      0.00100160     -0.00210825     -0.00097917      0.00121940     -0.00525390     -0.00070510     -0.00353923      0.00129830     -0.00386211      0.00120771
     -0.04519246     -0.04070108      0.00405924     -0.03649480      0.04530283      0.00300720     -0.00628244     -0.00491580      0.00083991     -0.00114039     -0.00567370     -0.00258336      0.00250618     -0.00056013      0.00143899     -0.00470233      0.00345828     -0.00071806      0.00234153     -0.01554980     -0.01190244      0.17190033     -0.00998146      0.00416190      0.00385243      0.00903078      0.00614942     -0.00504664     -0.00099577      0.00758105     -0.02764325      0.00571806     -0.01416765     -0.00337549      0.01139010      0.01933735      0.00279886      0.00393014     -0.00155124      0.00087595     -0.00084672     -0.00094474      0.00003171     -0.00042917     -0.00127815      0.00041753     -0.00301841     -0.00034818     -0.00354801     -0.00529004     -0.00140742     -0.00184727      0.00203579      0.00030392      0.00102743      0.00018193      0.00160490     -0.02100065     -0.00034504     -0.00022955
     -0.05694702     -0.20468155      0.01092192      0.06757905     -0.07657185      0.00042061      0.00666714     -0.00357445     -0.00904702     -0.00394987     -0.00845191     -0.00089486     -0.00056929     -0.00111323      0.00094831      0.00158866     -0.00299734     -0.00048163      0.00561395     -0.00689694     -0.03714808     -0.00998146      0.55698035     -0.01424126      0.01208578     -0.02020897      0.01297386     -0.03283831     -0.00690068      0.02802925      0.01217199      0.00011961     -0.00149447     -0.00339513     -0.00035189     -0.01360404      0.00275570     -0.00039770      0.00102067      0.00040360     -0.00028261      0.00099223     -0.00141061      0.00123271      0.00108961      0.00340495      0.00282220      0.00321043      0.00133790      0.00407963     -0.00011136      0.00094775      0.00156644     -0.00166326      0.00217126      0.00150930      0.00200797     -0.00394155      0.00837281      0.00127797
      0.01257269      0.00522203     -0.01778625     -0.01712523      0.00986030     -0.01946645     -0.00112205      0.00169876      0.00079457      0.00116985      0.00254986      0.00060123     -0.00190838      0.00065434     -0.00128899     -0.00054399     -0.00093237      0.00307264      0.00135508     -0.01236548      0.00717429      0.00416190     -0.01424126      0.12485250      0.00024611      0.00623881     -0.00707237     -0.01329609      0.00098455      0.00470349      0.01169723      0.00115529      0.00511679      0.00749821     -0.01733950      0.00448502     -0.00034835     -0.00620193     -0.00166009      0.00404577     -0.00084352     -0.00139707     -0.00100537     -0.00057185     -0.00113379      0.00010923     -0.00029885      0.00017881      0.00001464     -0.00009709      0.00059759      0.00013453      0.00028531     -0.00009750      0.00017094      0.00005964     -0.00045685      0.00461882      0.00007051     -0.00020542
     -0.15161886      0.10528870     -0.07509358     -0.02070625     -0.03143933      0.02981017     -0.00638566     -0.01348157      0.00696444     -0.00618554     -0.01327491     -0.00516048      0.00030822      0.00250806      0.00142693     -0.00376300     -0.00196287      0.00160243      0.00268828      0.00610238     -0.02611829      0.00385243      0.01208578      0.00024611      0.39117067     -0.04876256      0.10937613     -0.02319400     -0.00329626      0.00856714     -0.04080103     -0.01634536     -0.00016793      0.00749446     -0.00887501      0.01515840     -0.00541901      0.00072762     -0.00248118     -0.00151506     -0.00171714     -0.00193934      0.00251685     -0.00156391      0.00202433     -0.00137710     -0.00008696      0.00003119      0.00097441     -0.00110274     -0.00012572     -0.00037963     -0.00037737      0.00013393      0.00103200      0.00115096      0.00118669     -0.01506619     -0.01113750     -0.00247190
      0.08955891     -0.09224454      0.05281443     -0.04723702     -0.10595663      0.06389555     -0.00460335     -0.01300062     -0.05916210      0.00248740      0.00947956      0.00138472      0.00101140     -0.00030601      0.00162874      0.00354369     -0.00455232      0.00199569      0.00116572      0.01580132      0.00286690      0.00903078     -0.02020897      0.00623881     -0.04876256      0.34522850     -0.10462674     -0.00850838      0.00641362     -0.01248554     -0.00017517      0.00934382     -0.00252820     -0.01069724      0.00622330      0.00423379      0.00194131     -0.00094767      0.00348952     -0.00348332     -0.00693770     -0.00702176      0.00021261     -0.00228001      0.00011405     -0.00369223     -0.00569582     -0.00111118     -0.00278792     -0.00376601      0.00019295      0.00029296     -0.00021096      0.00060577     -0.00060949      0.00005756     -0.00214801     -0.02032797     -0.01022684     -0.00184380
     -0.05222943      0.05232880     -0.02888456      0.00093875      0.03481646     -0.04307411      0.00020262     -0.02212290     -0.21267841     -0.01163704     -0.01021332     -0.00796553      0.00166676     -0.00445189     -0.00253363     -0.00012187      0.00541286      0.00176957     -0.00835435     -0.00095056     -0.01517570      0.00614942      0.01297386     -0.00707237      0.10937613     -0.10462674      0.54963717      0.00309098     -0.00740417      0.00949351     -0.00249625     -0.00152475      0.00426505      0.00501978      0.01190614     -0.00850850      0.01144094     -0.00511193      0.00201136     -0.00143196     -0.01179905      0.00846554      0.00177247     -0.00064753      0.00213977     -0.00134022     -0.00033207     -0.00207273     -0.00108935     -0.00066798      0.00168953      0.00052658      0.00303348     -0.00231473      0.00034112      0.00155900     -0.00031452      0.02273600      0.01027031      0.00231030
     -0.15356492     -0.07750814      0.07900835     -0.00861459     -0.00308239      0.00277272     -0.00109973     -0.00298571      0.00100770     -0.04977245      0.04891487      0.02640181      0.00049189     -0.00096852     -0.00027934      0.00118016     -0.00055587      0.00034315      0.00404330      0.00271416      0.03217147     -0.00504664     -0.03283831     -0.01329609     -0.02319400     -0.00850838      0.00309098      0.36949467      0.10418159     -0.20066626     -0.00092382      0.00161264     -0.00001044     -0.00155886      0.00111780      0.00076321      0.00026058      0.00213232     -0.00017295      0.00305817      0.00655594      0.00031266      0.01793840     -0.01229287     -0.00022986     -0.00351899      0.00531879     -0.00800068      0.00250916     -0.00151716     -0.00038718     -0.00091210     -0.00111770      0.00154385     -0.00061810     -0.00098547     -0.00084353     -0.00125531     -0.00104783      0.00040429
     -0.05505668     -0.07411662      0.03573134     -0.02225706     -0.00200266      0.00300710     -0.00148296     -0.00107800     -0.00214497      0.00986488     -0.07745918     -0.01852096      0.00098539     -0.00082373     -0.00073055      0.00256497      0.00034976     -0.00085549      0.00093464      0.00808873      0.02775791     -0.00099577     -0.00690068      0.00098455     -0.00329626      0.00641362     -0.00740417      0.10418159      0.33124375      0.00561503      0.00038759      0.00415681      0.00125512     -0.00134279     -0.00296603      0.00004346      0.00120639      0.00323664      0.00039917      0.03777405      0.01937674     -0.01672951     -0.02005085     -0.01038727     -0.02251416      0.01340992     -0.03239423      0.01061921     -0.01020846     -0.00170800     -0.00031674     -0.00041802      0.00010566      0.00011724     -0.00055393     -0.00070723     -0.00130491      0.00060450     -0.00245151      0.00248227
      0.07213916      0.03976096     -0.06707512      0.01033255      0.00712274     -0.00130032      0.00034442      0.00196233     -0.00311869      0.02152553     -0.05009198     -0.04302403     -0.00088932      0.00048229      0.00175862     -0.00006695      0.00021680     -0.00067029      0.02242099      0.00538642     -0.03325516      0.00758105      0.02802925      0.00470349      0.00856714     -0.01248554      0.00949351     -0.20066626      0.00561503      0.23406177      0.00131140     -0.00296300     -0.00191023     -0.00002677     -0.00403195     -0.00195544     -0.00192407     -0.00180858     -0.00034675      0.00472731      0.00243584      0.00026060     -0.00038542     -0.00489110     -0.00533608      0.00043628      0.00618329      0.01131974     -0.00295537      0.00051302     -0.00001439      0.00023995      0.00090599     -0.00129406      0.00024646      0.00058346      0.00070773     -0.00064739     -0.00046369      0.00036264
      0.00030783      0.00349404     -0.00219042     -0.05282321      0.02543426     -0.04208769     -0.00088083      0.00093186     -0.00312080     -0.00027890     -0.00075521     -0.00011991     -0.02988698      0.00966261      0.01913387     -0.06489650     -0.05885365      0.05852844      0.00031258      0.00113586     -0.00165519     -0.02764325      0.01217199      0.01169723     -0.04080103     -0.00017517     -0.00249625     -0.00092382      0.00038759      0.00131140      0.37008305      0.01840324     -0.07526207     -0.00095165     -0.00237865     -0.01345353      0.01097162      0.00067686     -0.00370122      0.00226529      0.00041707     -0.00070404     -0.00106196      0.00107864      0.00106474      0.00184230      0.00150921      0.00120227      0.00101961      0.00105881      0.01451810     -0.00935572      0.01497538      0.00590202     -0.01226956     -0.00541816     -0.00232516      0.02418212      0.00416184     -0.01030612
     -0.00102087     -0.00461315      0.00002415      0.04248779     -0.03825547      0.02081558     -0.00171515     -0.00355257     -0.00139143      0.00111192     -0.00113614     -0.00061316      0.03170340     -0.03302195     -0.07379632     -0.07180405     -0.12777999      0.10272546     -0.00232188      0.00563700      0.00010604      0.00571806      0.00011961      0.00115529     -0.01634536      0.00934382     -0.00152475      0.00161264      0.00415681     -0.00296300      0.01840324      0.40000949     -0.03663279     -0.00865364     -0.00288828      0.00879349     -0.01500909     -0.00411933      0.00100033      0.00119856      0.00181485     -0.00038163     -0.00061857     -0.00033664     -0.00085458     -0.00055033     -0.00239646     -0.00080990     -0.00597314      0.01078410      0.00101557      0.01361667     -0.02559672     -0.00003770     -0.00903666      0.00346346     -0.01161165      0.01503017     -0.01766008      0.00696462
     -0.00275614      0.00148072      0.00167118     -0.01866570      0.02474900     -0.03803856     -0.00298159     -0.00560933      0.00235609     -0.00070453     -0.00113893     -0.00053778      0.03225358     -0.05844047     -0.15077129      0.04815543      0.08624226     -0.08799837      0.00320600      0.00275727     -0.00127091     -0.01416765     -0.00149447      0.00511679     -0.00016793     -0.00252820      0.00426505     -0.00001044      0.00125512     -0.00191023     -0.07526207     -0.03663279      0.55830503     -0.01743847      0.01170023     -0.01862959     -0.01319508     -0.00690885     -0.00365124      0.00068260      0.00024098     -0.00032217      0.00052323      0.00043553      0.00022573      0.00074497      0.00146333      0.00045508      0.01288856      0.00111811     -0.01346321      0.00680492     -0.01866282      0.01778266      0.00026283     -0.00698305      0.01335095     -0.01331484      0.01056941     -0.00082722
     -0.02466566      0.02583935      0.01088948     -0.01605424      0.01262738      0.01050905     -0.04543564     -0.05786150      0.05634765     -0.00685435     -0.02275149     -0.00035991      0.00881590     -0.00293621     -0.00075895     -0.00095276      0.00171063     -0.00335992     -0.02709669      0.00289480      0.00190336     -0.00337549     -0.00339513      0.00749821      0.00749446     -0.01069724      0.00501978     -0.00155886     -0.00134279     -0.00002677     -0.00095165     -0.00865364     -0.01743847      0.24909293      0.10213636     -0.12272168      0.00171957      0.02259819      0.00264725     -0.00527783     -0.01774192     -0.00765029     -0.00093530     -0.00058865      0.00007867     -0.00087913     -0.00065430     -0.00072910     -0.02897538     -0.00313232      0.00726920     -0.00894148      0.00854367     -0.00588590      0.00252945      0.00145532      0.00119209     -0.00039991     -0.01543349     -0.00986604
     -0.00448874      0.00532584      0.00611623      0.00990917     -0.03678650     -0.04679856     -0.04771666     -0.07513485      0.05786054     -0.00359964     -0.00705480      0.00248457      0.00075149      0.00970189      0.00577620     -0.00460308     -0.00178676     -0.00703038     -0.01852592      0.00628083     -0.00137675      0.01139010     -0.00035189     -0.01733950     -0.00887501      0.00622330      0.01190614      0.00111780     -0.00296603     -0.00403195     -0.00237865     -0.00288828      0.01170023      0.10213636      0.23316836     -0.01139155     -0.00040361     -0.04494837     -0.01630335     -0.00072851     -0.02162562     -0.00067439     -0.00010304      0.00020198     -0.00080073     -0.00133888     -0.00098070     -0.00280107     -0.00067710      0.00204591      0.00494186      0.00273650     -0.00129619      0.00195964     -0.00006833     -0.00127092      0.00121310     -0.01186019     -0.02246185     -0.01316896
      0.00019746     -0.02703423     -0.01287401      0.01419049     -0.04530995     -0.27821928      0.04588202      0.05973444     -0.05012484      0.00061656      0.01897577      0.00179954     -0.01145283      0.00913500     -0.00989140     -0.00296429      0.00236449     -0.00256857     -0.00789416      0.00167565      0.01631704      0.01933735     -0.01360404      0.00448502      0.01515840      0.00423379     -0.00850850      0.00076321      0.00004346     -0.00195544     -0.01345353      0.00879349     -0.01862959     -0.12272168     -0.01139155      0.61601916     -0.00218734     -0.02149993      0.00505807      0.00267032      0.01246783      0.00988189      0.00129799     -0.00221351     -0.00268264     -0.00185813     -0.00649074     -0.00160157      0.00525567     -0.01021153      0.00184101      0.00072102     -0.00112677      0.00487981      0.00027845      0.00197436      0.00083544     -0.00900059     -0.01519452      0.00305931
     -0.01093686      0.01059935      0.00991708      0.00367854     -0.00327280     -0.00101706     -0.03523942      0.02508056      0.01336134      0.00264980     -0.00295495     -0.00204378     -0.09817281     -0.02939741     -0.06353833     -0.00021789     -0.00761170      0.00155392     -0.00600314     -0.00046145     -0.00386167      0.00279886      0.00275570     -0.00034835     -0.00541901      0.00194131      0.01144094      0.00026058      0.00120639     -0.00192407      0.01097162     -0.01500909     -0.01319508      0.00171957     -0.00040361     -0.00218734      0.30015044      0.07087067      0.07143075     -0.03716099     -0.01703316      0.01591683     -0.00380454     -0.00059125     -0.00141988     -0.00033619     -0.00566701      0.00173212     -0.01076809     -0.01991239      0.00063104     -0.02259380      0.01802988     -0.02607427     -0.00025058      0.00005893     -0.00078975      0.00376428     -0.00127363     -0.00093954
      0.00117804     -0.00310917      0.00162039     -0.00827056     -0.00344322      0.00761221      0.03682299     -0.03052399     -0.02406461     -0.00232291     -0.00323084     -0.00070741     -0.06645070     -0.08661084     -0.07343070     -0.00357976      0.00135837     -0.00006301      0.00037831      0.00048642      0.00726334      0.00393014     -0.00039770     -0.00620193      0.00072762     -0.00094767     -0.00511193      0.00213232      0.00323664     -0.00180858      0.00067686     -0.00411933     -0.00690885      0.02259819     -0.04494837     -0.02149993      0.07087067      0.24072573      0.16557461     -0.01399618      0.00308562      0.01031879     -0.00096626     -0.00028548     -0.00000254      0.00057082     -0.00245987      0.00006629     -0.00819850     -0.01169173      0.00048143     -0.01005454      0.03800947     -0.00446687      0.00044880     -0.00299298     -0.00090197     -0.00203384     -0.00012793      0.00170662
      0.00711393     -0.00320597     -0.00073023      0.00375210     -0.00854413      0.00427958      0.02108159     -0.02514088     -0.03626722     -0.00003995      0.00193314      0.00045744     -0.07612446     -0.05840444     -0.10027503      0.00049544     -0.00340191      0.00156583      0.00884612     -0.00488057      0.00614230     -0.00155124      0.00102067     -0.00166009     -0.00248118      0.00348952      0.00201136     -0.00017295      0.00039917     -0.00034675     -0.00370122      0.00100033     -0.00365124      0.00264725     -0.01630335      0.00505807      0.07143075      0.16557461      0.17227879      0.01994494      0.01023026     -0.00502462      0.00144169      0.00003195      0.00066195     -0.00023441      0.00079898     -0.00013650     -0.00539579     -0.01295395      0.01834951     -0.01531244      0.01987703     -0.01189450      0.00033871     -0.00160635     -0.00096806     -0.00254814     -0.00137529     -0.00016618
     -0.00651258      0.00011879     -0.00078973     -0.00240914     -0.01059732     -0.00401758     -0.00089022     -0.01219094     -0.00723002     -0.11295107      0.01637801      0.06136032      0.00216213      0.00274245     -0.00045893     -0.00103844     -0.00030450      0.00254499      0.00473115      0.01017140      0.01169223      0.00087595      0.00040360      0.00404577     -0.00151506     -0.00348332     -0.00143196      0.00305817      0.03777405      0.00472731      0.00226529      0.00119856      0.00068260     -0.00527783     -0.00072851      0.00267032     -0.03716099     -0.01399618      0.01994494      0.24710416     -0.00950699     -0.12998024     -0.04666639      0.00290458     -0.00633460      0.00937513     -0.02385277      0.02683322     -0.00846219     -0.00084068     -0.00035688     -0.00251266      0.00320262     -0.00059084     -0.00068015     -0.00015636     -0.00204735     -0.00084316      0.00178375     -0.00285599
     -0.00069772     -0.01474008      0.00543963     -0.01377704     -0.01358160      0.00167945     -0.02105789     -0.15218239     -0.02245833      0.05719603     -0.04925267     -0.04485254      0.00050765     -0.00033461     -0.00059335      0.00248576     -0.00149777      0.00100177      0.01411241     -0.03335467      0.00876652     -0.00084672     -0.00028261     -0.00084352     -0.00171714     -0.00693770     -0.01179905      0.00655594      0.01937674      0.00243584      0.00041707      0.00181485      0.00024098     -0.01774192     -0.02162562      0.01246783     -0.01703316      0.00308562      0.01023026     -0.00950699      0.41844779      0.07738105     -0.00317549      0.00510410      0.01458232     -0.01835285      0.01588203      0.00693637      0.00566696      0.00418312      0.00032079     -0.00077841     -0.00226125      0.00059444     -0.00077515     -0.00151378     -0.00133111      0.00041043      0.00048913     -0.00397739
