      0.23753231      0.00597843     -0.02020926     -0.04771462     -0.02264034      0.00246016     -0.03623970      0.02303641      0.01358464      0.00697878     -0.00077568      0.00085105     -0.00457872     -0.00094648     -0.00341261      0.00225227      0.00017720     -0.00109718     -0.01602058     -0.02045339     -0.00063543     -0.00126967      0.00031229     -0.00001133     -0.02890355      0.02646078      0.04789671     -0.04143135     -0.05634829      0.01565417     -0.06054206      0.03351781     -0.05142516     -0.03080663     -0.02737429      0.02760625      0.00041718      0.00774915      0.00075503     -0.00806977     -0.00119311      0.00085896     -0.00280644      0.00292826     -0.00300577     -0.00418198     -0.00284215      0.00035051     -0.00700532      0.00049720      0.00025804     -0.00060390      0.00037683     -0.00069803      0.00069896      0.00066971      0.00108043      0.00019985      0.00041998      0.00247959      0.00022942      0.00117095      0.00071452      0.00014926     -0.00038191      0.00090718     -0.00686045      0.00707386      0.00391801     -0.04247339      0.03098203     -0.02932542      0.00073678     -0.00043254     -0.00012420     -0.00052176      0.00150113     -0.00131173
      0.00597843      0.24782209      0.01665908     -0.04135492     -0.00208859     -0.02069673      0.04105559     -0.02376943     -0.00294012     -0.00517256     -0.00869651     -0.00129259     -0.00185450     -0.00230389      0.00291197      0.00158088      0.00138881     -0.00053832     -0.00677171      0.00538002     -0.01389062      0.00156539     -0.00112947     -0.00004783      0.01231946     -0.06822884     -0.09048679     -0.05703965     -0.21186411      0.04805470      0.03603042     -0.03669016      0.04196799     -0.00210979     -0.01625075      0.01482183      0.00413783      0.00312944      0.00544466     -0.00514979      0.00304553     -0.00248462      0.00134654      0.00165856     -0.00175063     -0.00053284     -0.00416851     -0.00622771     -0.00136606     -0.00571289     -0.00008664      0.00162498      0.00085938      0.00396582      0.00117035      0.00021022     -0.00016150     -0.00007461     -0.00037937      0.00035169      0.00001388      0.00006315     -0.00074236      0.00416473     -0.00328540      0.00449521     -0.00464512      0.00504679      0.00354350      0.01180342     -0.03651782      0.01356061      0.00042073     -0.00128494     -0.00466554     -0.00113263     -0.00702790     -0.00385129
     -0.02020926      0.01665908      0.26327857      0.00831025     -0.01811210      0.00730833      0.02179730     -0.01634238     -0.00732628     -0.00399877      0.00274762      0.00519122      0.00200117      0.00643757      0.00443276      0.00171445     -0.00265365     -0.00008858     -0.00186836     -0.01358231      0.00909109     -0.00476167     -0.00056628     -0.00463584      0.04308329     -0.09675062     -0.23301065      0.00760157      0.04709723     -0.03690062     -0.07625591      0.06260370     -0.09780062      0.02651796      0.00349338     -0.04634622     -0.00233046      0.00562226      0.00054368      0.00262342     -0.00157864     -0.00661432     -0.00307313      0.00597669      0.00284462     -0.00291126      0.00446623     -0.00081934     -0.00310102      0.00481504     -0.00287644      0.00172473      0.00011345      0.00012029     -0.00111817      0.00136775     -0.00247152      0.00099894     -0.00035822      0.00258881      0.00010998     -0.00025283      0.00054135     -0.00496248     -0.00085911     -0.00085740      0.00510689      0.00054814     -0.00109555     -0.00310784      0.01830763     -0.03641963      0.00099616     -0.00421200     -0.00122578     -0.00009535     -0.00521363     -0.00473701
     -0.04771462     -0.04135492      0.00831025      0.22477641      0.00473866     -0.00699794      0.00661924      0.00508621      0.01103833     -0.00031659      0.00057195     -0.00106168     -0.02014163     -0.00593323     -0.01992118     -0.04377460      0.00739487      0.00201332      0.00433627      0.00357660      0.00229909     -0.00340170     -0.00029003      0.00602867     -0.00355164      0.00341835     -0.00429636     -0.03209509      0.05545774     -0.04183238     -0.05335998     -0.06614057      0.02531306      0.00052368     -0.00293752      0.00164568     -0.07376049      0.02439850     -0.04723987     -0.01652874      0.01812410      0.03422654     -0.00369352     -0.00103166      0.00091528     -0.00096906     -0.00292391      0.00394811      0.00113846     -0.00100137      0.00008136     -0.00152990     -0.00099129      0.00126094     -0.00222495     -0.00547806      0.00600268      0.00058930      0.01086194      0.00216983      0.00138082     -0.00605502     -0.01116094      0.00670066     -0.00677923      0.01592259     -0.00468563      0.00050539     -0.00075428     -0.00047349      0.00778308     -0.00332382      0.00144326      0.00200476      0.00232465      0.00402799      0.00328703     -0.00181315
     -0.02264034     -0.00208859     -0.01811210      0.00473866      0.22005101     -0.01274653      0.00540709     -0.03572915     -0.01566684     -0.00225867     -0.00070651     -0.00013527      0.00802166     -0.01439215     -0.00060374     -0.02190079      0.01746676     -0.01114788      0.00114858     -0.00318165     -0.00008537      0.00050799     -0.00063076      0.00057094     -0.01139632     -0.00021416      0.00221993      0.05141138     -0.06043660      0.03099785     -0.04503288     -0.09116688      0.05248965      0.00101710      0.00157199      0.00026545      0.01550374     -0.02990954      0.02784256      0.00570332     -0.02848056     -0.02507937      0.00761207     -0.01158929      0.00184237     -0.00387015     -0.00196651      0.00008535     -0.00179120     -0.00009129     -0.00040720      0.00120688      0.00046152      0.00051568      0.00462315     -0.00109311     -0.00227316     -0.00036445     -0.00685357     -0.00481475      0.00301193     -0.00177575      0.00013640      0.00702307     -0.06926414      0.02022487     -0.00020592      0.00066788      0.00064776      0.00297705      0.00378207      0.00183593     -0.00123138      0.00080898     -0.00463961      0.00078618     -0.00494955     -0.00265049
      0.00246016     -0.02069673      0.00730833     -0.00699794     -0.01274653      0.22237645     -0.01375801     -0.02630964     -0.01490392      0.00065289     -0.00046069      0.00098278      0.02297366     -0.00195284     -0.01055710     -0.00013258     -0.00867331      0.00485059     -0.00079737     -0.00006969     -0.00125249      0.00219337     -0.00105659     -0.00527640     -0.00122062     -0.00113092     -0.00945195     -0.01703622      0.03280928     -0.04152435      0.04040115      0.07601844     -0.06640796      0.00147416      0.00234826     -0.00115088     -0.07154980      0.03657595     -0.07886603      0.03758899     -0.03930544     -0.14334244     -0.00515643      0.00443297      0.00080777      0.00110367      0.00324515      0.00286092     -0.00129728      0.00128801      0.00047429      0.00128636      0.00172703     -0.00166388      0.00061075     -0.00350031     -0.00200330     -0.00277274     -0.00436690      0.00089031     -0.00064336     -0.00040300     -0.00110470     -0.00417581      0.01126254     -0.02029714      0.00412594     -0.00063801     -0.00130020     -0.00023121      0.00236392      0.00288755      0.00103567     -0.00494503     -0.00105702     -0.00097019     -0.00431363     -0.00030692
     -0.03623970      0.04105559      0.02179730      0.00661924      0.00540709     -0.01375801      0.17418611     -0.02328051     -0.01051473     -0.00984148      0.00451089      0.00106758     -0.02027089      0.00563717      0.02478995     -0.00667744      0.00027284      0.00521333      0.00259549      0.00493635      0.00093168     -0.01114435      0.00204419      0.00897336     -0.07085375     -0.00328939     -0.08490003     -0.00259269      0.00290299      0.00701947     -0.01024530      0.00477870      0.03469439     -0.00379674     -0.00401980      0.00263284      0.01122252      0.00182891     -0.00957179     -0.04464059     -0.03942604      0.03744189     -0.01172547      0.00472612     -0.03898952      0.00295888     -0.02125435      0.00839936      0.00462071     -0.00056530     -0.00095284     -0.00014802      0.00085262     -0.00051107     -0.00322890     -0.01095010      0.00104247     -0.00581677     -0.00815972     -0.00802342     -0.00014974     -0.00018320      0.00011922     -0.00065314     -0.00330383      0.00009078     -0.00341707     -0.00151892     -0.00073291     -0.00798577     -0.00620984     -0.00753407     -0.00019517      0.01730050      0.00056628     -0.00603698     -0.00390282      0.00599612
      0.02303641     -0.02376943     -0.01634238      0.00508621     -0.03572915     -0.02630964     -0.02328051      0.17800263      0.01512729     -0.00694920      0.00601361     -0.00036276     -0.00820390      0.00560139     -0.00712530     -0.00102080     -0.00335659      0.00290008      0.00371563      0.00022124      0.00326630      0.00889202     -0.00011037      0.00513464      0.02643194     -0.01748913      0.02608778      0.00098959     -0.00588271      0.00207655      0.00304562     -0.02987893     -0.03516888     -0.00008662     -0.00647400      0.00355403     -0.00162097      0.00008857     -0.00387639     -0.03070075     -0.04751490      0.04891013      0.02388242     -0.01435361      0.01722266     -0.00494200     -0.06109858      0.01379777     -0.00092885      0.00008679     -0.00145664      0.00357220      0.00329219     -0.00189773      0.00168484     -0.00247275      0.00165318     -0.00073184     -0.00270228      0.00082783      0.00002317      0.00078095      0.00015222     -0.00857379     -0.00249951      0.00131990      0.00022797      0.00074997     -0.00144018      0.00234484      0.00484603     -0.00011124      0.00017359     -0.00697019     -0.00079737     -0.01460091     -0.02773055     -0.03324620
      0.01358464     -0.00294012     -0.00732628      0.01103833     -0.01566684     -0.01490392     -0.01051473      0.01512729      0.23487936      0.00565668     -0.00543288     -0.00002796     -0.00721471     -0.00346495      0.01644027      0.00090748     -0.00325146      0.00490187     -0.00130855      0.00076897      0.00009128      0.01895373      0.00323029      0.01718329     -0.08261480      0.02035319     -0.10090137     -0.00153413     -0.00417454     -0.00047591      0.04938814     -0.05430230     -0.14057331     -0.00095599      0.00299179     -0.00152347      0.00074547      0.00818885     -0.00207082      0.03175218      0.05083006     -0.06415438     -0.01087419      0.01255551     -0.04980947     -0.00434189      0.00198174     -0.02727722      0.00180948     -0.00248501     -0.00324594     -0.00048691     -0.00136876      0.00327973     -0.00041519      0.00282492     -0.00399441     -0.00015073     -0.00553187     -0.00077041     -0.00029304      0.00054522     -0.00060799     -0.00439799     -0.00077175      0.00078581     -0.00196479      0.00101822      0.00141024      0.00016421     -0.00006058      0.00304275     -0.00366380      0.00126197     -0.00357691     -0.02347221     -0.01047392     -0.04593809
      0.00697878     -0.00517256     -0.00399877     -0.00031659     -0.00225867      0.00065289     -0.00984148     -0.00694920      0.00565668      0.28824662      0.03009359     -0.02943303      0.00163265      0.00307778     -0.00361010      0.00037539     -0.00019355     -0.00039493     -0.02800367      0.02587135     -0.00255831     -0.00342566     -0.00106773     -0.00058887      0.00553081      0.00576984      0.00166851     -0.00180561      0.00065026     -0.00185970     -0.00195386     -0.00267010     -0.00271352     -0.01813082      0.01272281      0.01473890     -0.00146247     -0.00048923      0.00068685      0.00589339      0.00201326     -0.00309213     -0.00155503      0.00026842      0.00036734     -0.25184589      0.06942945      0.01335638     -0.06056478     -0.00905937     -0.06977668     -0.12505089     -0.14735537      0.09994734     -0.00026720     -0.00006094      0.00003857      0.00115509      0.00149499     -0.00020264      0.00054382      0.00017022      0.00065299      0.00078508      0.00019992      0.00004544     -0.00238540      0.00076618      0.00100004      0.00384857     -0.00072222      0.00393470      0.00157423     -0.00056529     -0.00046904      0.00295779     -0.00077279      0.00047884
     -0.00077568     -0.00869651      0.00274762      0.00057195     -0.00070651     -0.00046069      0.00451089      0.00601361     -0.00543288      0.03009359      0.32356113     -0.05698786      0.00015176     -0.00079218      0.00063950     -0.00024985     -0.00060625     -0.00071814      0.01898727     -0.04172880      0.01297975     -0.00004488      0.00089684      0.00085030      0.00015121      0.00420979      0.00046445     -0.00029522     -0.00080116      0.00131143     -0.00356157     -0.00253137     -0.00093138      0.02149056     -0.12572843     -0.08473932     -0.00052965      0.00011957      0.00032705     -0.00222377     -0.00223990      0.00252499      0.00095854      0.00091167      0.00013611      0.04514097     -0.05235788      0.00205644     -0.00616034     -0.01182755     -0.00387517     -0.14518303     -0.27573049      0.17124552      0.00021221      0.00052735     -0.00014288      0.00043073     -0.00052319     -0.00006738      0.00033613      0.00027287      0.00053011     -0.00035721     -0.00018897      0.00018479      0.00982333      0.00093886     -0.00215785     -0.00139614     -0.00025731     -0.00041555     -0.00140382     -0.00148987     -0.00045373     -0.00166632     -0.00084920     -0.00016821
      0.00085105     -0.00129259      0.00519122     -0.00106168     -0.00013527      0.00098278      0.00106758     -0.00036276     -0.00002796     -0.02943303     -0.05698786      0.25443949      0.00021926      0.00031849     -0.00129657      0.00002597      0.00043815      0.00024045     -0.00801677      0.01788176     -0.00760149     -0.00126127     -0.00073349     -0.00026222      0.00148793     -0.00014662     -0.00458839     -0.00142648      0.00019397     -0.00126463     -0.00222487     -0.00314256      0.00010112      0.03084829     -0.09593963     -0.07165302     -0.00023168     -0.00066097     -0.00005171      0.00200107     -0.00057613      0.00015088     -0.00006337      0.00097652     -0.00006356      0.02953863      0.00303563     -0.02911106     -0.09024617      0.00526882     -0.16879935      0.09454537      0.16516232     -0.14323429      0.00013611     -0.00051507      0.00005236      0.00070648      0.00116044     -0.00013072     -0.00014613     -0.00017874     -0.00021819      0.00042616      0.00000404     -0.00020216     -0.00038628     -0.00170321      0.00077397     -0.00501079     -0.00334319      0.00240976      0.00078025      0.00086049      0.00037975      0.00306213      0.00129659     -0.00002075
     -0.00457872     -0.00185450      0.00200117     -0.02014163      0.00802166      0.02297366     -0.02027089     -0.00820390     -0.00721471      0.00163265      0.00015176      0.00021926      0.21787806     -0.00062338      0.01067726      0.01155666     -0.01595477     -0.01512179     -0.00055707     -0.00027909     -0.00108741      0.00605940      0.00544834     -0.02395298      0.00079176      0.00293288     -0.00125511     -0.00304453      0.00296368     -0.01019933     -0.00175414      0.00802752      0.00592348      0.00059437     -0.00060216      0.00019122     -0.01627942      0.00764346      0.01854867     -0.13337404      0.04323204     -0.10917556     -0.02227739      0.00172386      0.02505924      0.00018179      0.00148582     -0.00073490     -0.00116764      0.00008850     -0.00044569      0.00074814      0.00134914     -0.00241474     -0.08572025     -0.04662508      0.04338200     -0.05719256      0.01040032      0.04913725     -0.00116716      0.00194827     -0.00047647     -0.00611461      0.00580054     -0.00218454      0.00270952     -0.00076765     -0.00027000      0.00158807      0.00006211      0.00080984      0.00292477     -0.00549604      0.00424018     -0.00727240     -0.00304028     -0.00154302
     -0.00094648     -0.00230389      0.00643757     -0.00593323     -0.01439215     -0.00195284      0.00563717      0.00560139     -0.00346495      0.00307778     -0.00079218      0.00031849     -0.00062338      0.19927073     -0.01911639      0.01940211     -0.05290812     -0.01504487     -0.00005364      0.00077808     -0.00078595     -0.01727460     -0.02972618     -0.01885046     -0.00026958      0.00636765     -0.00139043      0.00446085      0.00343136     -0.00420955     -0.00118994      0.00460432      0.00040765      0.00094007     -0.00029780      0.00166051      0.00613632     -0.00847082     -0.00835902      0.05638782     -0.03596584      0.05059231     -0.03056597     -0.04806486      0.04363901     -0.00309668     -0.00178495      0.00093417     -0.00222237     -0.00011707     -0.00171599      0.00082470      0.00043064      0.00066846     -0.05767677     -0.04924007      0.04272754      0.02866928     -0.00979671     -0.02724949     -0.01769836      0.00282048     -0.01412912      0.00533258     -0.00810483     -0.00294569     -0.00034274      0.00097310     -0.00076892     -0.00068373     -0.00044792      0.00041865      0.01808483     -0.02200061      0.01118171     -0.01018640     -0.00195588     -0.00620455
     -0.00341261      0.00291197      0.00443276     -0.01992118     -0.00060374     -0.01055710      0.02478995     -0.00712530      0.01644027     -0.00361010      0.00063950     -0.00129657      0.01067726     -0.01911639      0.19533311     -0.00894953     -0.01942487      0.00092079      0.00169408     -0.00136294      0.00101660     -0.02859643     -0.01972012      0.01103174     -0.00461557      0.00606596     -0.00090568      0.00554731     -0.00289089      0.00166265     -0.00250711     -0.00108910     -0.00511552     -0.00168874      0.00260542      0.00001279      0.03492747     -0.02467310     -0.10856793     -0.09950275      0.06770696     -0.11333585      0.01373167      0.03699908     -0.04854135     -0.00312211      0.00264229     -0.00148014      0.00030919     -0.00082864     -0.00060207     -0.00047326     -0.00170234      0.00340051      0.03847175      0.02685439     -0.03622719      0.05009929      0.00246377     -0.07512608     -0.00607471      0.00070045     -0.00403118      0.00459413     -0.00211172      0.00267024     -0.00398196      0.00176750      0.00064899     -0.00069164      0.00159284      0.00011582      0.00866220     -0.00377910      0.00339833      0.00478420      0.00142939     -0.00336672
      0.00225227      0.00158088      0.00171445     -0.04377460     -0.02190079     -0.00013258     -0.00667744     -0.00102080      0.00090748      0.00037539     -0.00024985      0.00002597      0.01155666      0.01940211     -0.00894953      0.33353152      0.03475284      0.05671263     -0.00061263      0.00021227     -0.00015442      0.00100970     -0.00181096      0.00162984      0.00200186     -0.00091858     -0.00151882     -0.00166274      0.00317400     -0.00206619      0.00269566     -0.00220244     -0.00480107      0.00073973      0.00004984      0.00070016     -0.05816584     -0.07918576      0.04575543     -0.00462681     -0.00717365     -0.00130621     -0.00173919     -0.00812890      0.00123695      0.00094597     -0.00004949      0.00091416      0.00037850      0.00046594      0.00022572     -0.00022218      0.00029216     -0.00084015     -0.10866853      0.03242154      0.10007952     -0.00153053     -0.00126906      0.00189503     -0.17507842     -0.11921077     -0.15870725     -0.17801064      0.11414726     -0.08042935      0.00110270     -0.00092638     -0.00002825      0.00078068      0.00003854     -0.00014655     -0.00107049      0.00192078     -0.00046875      0.00049458      0.00075040     -0.00007538
      0.00017720      0.00138881     -0.00265365      0.00739487      0.01746676     -0.00867331      0.00027284     -0.00335659     -0.00325146     -0.00019355     -0.00060625      0.00043815     -0.01595477     -0.05290812     -0.01942487      0.03475284      0.32466442      0.04863307     -0.00115653     -0.00084909      0.00023490     -0.00317643     -0.00187964     -0.00023091     -0.00163393      0.00008600      0.00197250     -0.00201972     -0.00736740      0.00485219     -0.00496252     -0.00119323      0.00520692     -0.00079971      0.00092998     -0.00131795     -0.07289978     -0.15709503      0.09479462     -0.00423590     -0.00185879     -0.00292794      0.00228695     -0.00132302     -0.00046324     -0.00064452     -0.00003468     -0.00114171      0.00008964     -0.00026022      0.00012670      0.00050167      0.00073600     -0.00080594      0.04241090     -0.04560398     -0.05151924      0.00167820      0.00000906      0.00351825     -0.11644966     -0.13893680     -0.13820601      0.10784565     -0.13278589      0.05926911      0.00159378     -0.00062160     -0.00018357      0.00073375     -0.00041856      0.00053761     -0.00173097      0.00275720     -0.00180273      0.00204294     -0.00103018      0.00147538
     -0.00109718     -0.00053832     -0.00008858      0.00201332     -0.01114788      0.00485059      0.00521333      0.00290008      0.00490187     -0.00039493     -0.00071814      0.00024045     -0.01512179     -0.01504487      0.00092079      0.05671263      0.04863307      0.30398036     -0.00116019      0.00048069      0.00025100      0.00418396     -0.00159649     -0.00075409     -0.00147999      0.00077962     -0.00223188     -0.00226083      0.00026773      0.00220937     -0.00234647      0.00160725     -0.00108182      0.00013743     -0.00000839      0.00021925      0.04397782      0.09288806     -0.08458864     -0.00194513     -0.00129308     -0.00305290     -0.00164000      0.00185280     -0.00186512      0.00006646      0.00032792      0.00035252      0.00013097      0.00020653      0.00029771      0.00042106      0.00072878     -0.00021920      0.11160998     -0.06364501     -0.16748985      0.00385633     -0.00365841     -0.00298687     -0.16309167     -0.14405643     -0.20859556     -0.08385019      0.06714126     -0.07462754      0.00048065     -0.00003166     -0.00057575     -0.00054526     -0.00025462     -0.00022538     -0.00257910      0.00309998     -0.00144980      0.00145700      0.00002059      0.00011413
     -0.01602058     -0.00677171     -0.00186836      0.00433627      0.00114858     -0.00079737      0.00259549      0.00371563     -0.00130855     -0.02800367      0.01898727     -0.00801677     -0.00055707     -0.00005364      0.00169408     -0.00061263     -0.00115653     -0.00116019      0.37581083      0.00567420     -0.02695471     -0.00027827      0.00108843      0.00007428     -0.00387109      0.00306075     -0.00141986     -0.00317142     -0.00382452      0.00105184     -0.00384779     -0.00054949     -0.00122894     -0.08643032      0.01248085     -0.09946894     -0.00074964     -0.00085694      0.00029030     -0.00156732     -0.00156099     -0.00004927      0.00065173     -0.00036690      0.00028579     -0.00130824      0.00398325     -0.00172682     -0.02641367      0.01099194      0.02211408      0.00660246      0.00264027     -0.00436890     -0.00012570      0.00079117     -0.00044583      0.00012302     -0.00057336      0.00015368      0.00036535      0.00025832      0.00068946     -0.00111812     -0.00032195     -0.00021029     -0.40324718      0.00810712      0.10531084     -0.05697229     -0.07150147      0.03819133      0.00097169     -0.00136444     -0.00041035     -0.00102777     -0.00110496      0.00012857
     -0.02045339      0.00538002     -0.01358231      0.00357660     -0.00318165     -0.00006969      0.00493635      0.00022124      0.00076897      0.02587135     -0.04172880      0.01788176     -0.00027909      0.00077808     -0.00136294      0.00021227     -0.00084909      0.00048069      0.00567420      0.28132103     -0.01064199      0.00002874      0.00048492      0.00029431      0.00087936      0.00054613     -0.00064235      0.00003440     -0.00177355     -0.00024502     -0.00074333     -0.00111658      0.00514070     -0.00032620     -0.01550964      0.00537339     -0.00042707      0.00061606      0.00194420     -0.00102570     -0.00057776     -0.00113764     -0.00010790     -0.00042890      0.00191531      0.00406174      0.00637514     -0.00138014      0.01338087     -0.14094659     -0.09633562     -0.00362717      0.00083757      0.00446574      0.00022769      0.00043687     -0.00051938     -0.00008300     -0.00009292      0.00054193     -0.00003139      0.00007484      0.00008509     -0.00058549      0.00003551     -0.00057794      0.01919000     -0.04429594     -0.00534910     -0.05832021     -0.22360470      0.09499159     -0.00029637     -0.00028333      0.00020819     -0.00142448     -0.00010034     -0.00052262
     -0.00063543     -0.01389062      0.00909109      0.00229909     -0.00008537     -0.00125249      0.00093168      0.00326630      0.00009128     -0.00255831      0.01297975     -0.00760149     -0.00108741     -0.00078595      0.00101660     -0.00015442      0.00023490      0.00025100     -0.02695471     -0.01064199      0.23660578      0.00017841      0.00015036     -0.00004821      0.00118539     -0.00306128     -0.00028579     -0.00090081      0.00290427      0.00153102      0.00075855      0.00396230     -0.00083304     -0.10571859      0.03347432     -0.17692963      0.00048542      0.00049011     -0.00022363     -0.00089505      0.00111831      0.00000091     -0.00034239     -0.00009879     -0.00014022     -0.00765563     -0.00233027      0.00084113      0.02132635     -0.11767628     -0.10600197      0.00040373      0.00119050     -0.00459359      0.00032729      0.00014057      0.00007472     -0.00012542     -0.00039201      0.00032703     -0.00011880     -0.00004464     -0.00017096     -0.00018174     -0.00005242      0.00007157      0.11061030     -0.00671680     -0.06170358      0.02832720      0.10267258     -0.06884497     -0.00078831      0.00001840     -0.00004339     -0.00089644     -0.00063683      0.00066514
     -0.00126967      0.00156539     -0.00476167     -0.00340170      0.00050799      0.00219337     -0.01114435      0.00889202      0.01895373     -0.00342566     -0.00004488     -0.00126127      0.00605940     -0.01727460     -0.02859643      0.00100970     -0.00317643      0.00418396     -0.00027827      0.00002874      0.00017841      0.33074470     -0.05570418      0.01088885     -0.00804822      0.00410708      0.00069222      0.00046577     -0.00059876      0.00048509      0.00205038     -0.00088412     -0.00294841     -0.00049894     -0.00037750      0.00018731     -0.00002217      0.00644698      0.00854801      0.00145552      0.00379511      0.00083073     -0.04387533      0.01964342      0.05408142     -0.00263066     -0.00044030      0.00149994      0.00056412     -0.00086034      0.00124424      0.00119885      0.00185244     -0.00031090     -0.00237115      0.00007512     -0.00094888     -0.14378959     -0.09503214      0.07144118     -0.00012316      0.00102310     -0.00041443     -0.00140414      0.00011383     -0.00172587      0.00188576     -0.00006019     -0.00043500      0.00067622      0.00023468      0.00090818     -0.10908243      0.14731881     -0.00712347     -0.21484562      0.00451237     -0.13747966
      0.00031229     -0.00112947     -0.00056628     -0.00029003     -0.00063076     -0.00105659      0.00204419     -0.00011037      0.00323029     -0.00106773      0.00089684     -0.00073349      0.00544834     -0.02972618     -0.01972012     -0.00181096     -0.00187964     -0.00159649      0.00108843      0.00048492      0.00015036     -0.05570418      0.39142843      0.00890852      0.00043277     -0.00256834     -0.00163277      0.00034943      0.00008124     -0.00007718      0.00168261     -0.00350512     -0.00161928     -0.00017739     -0.00051363      0.00026370      0.00013060     -0.00244877      0.00203963      0.00505876     -0.00784452      0.00073466      0.01224136     -0.04436654     -0.06067718      0.00037302     -0.00022672     -0.00002980      0.00083676     -0.00024489      0.00053812     -0.00067602     -0.00092927      0.00057751     -0.00350064     -0.00365449     -0.00124480     -0.10752032     -0.12274436      0.05852600      0.00205985     -0.00054559      0.00248869     -0.00114876      0.00051630     -0.00064269     -0.00116981      0.00011481      0.00043153     -0.00042288     -0.00036408     -0.00039762      0.15457384     -0.37523745      0.00971896      0.00623947     -0.03628538     -0.00029122
     -0.00001133     -0.00004783     -0.00463584      0.00602867      0.00057094     -0.00527640      0.00897336      0.00513464      0.01718329     -0.00058887      0.00085030     -0.00026222     -0.02395298     -0.01885046      0.01103174      0.00162984     -0.00023091     -0.00075409      0.00007428      0.00029431     -0.00004821      0.01088885      0.00890852      0.25611931     -0.00547335     -0.00158805     -0.00371345     -0.00061319     -0.00116412      0.00310747      0.00573963     -0.00459927     -0.00300381     -0.00039594     -0.00017123     -0.00026595      0.00408501     -0.00237841     -0.00280684     -0.00236508     -0.00117540      0.00111208      0.05154752     -0.06254397     -0.22462454      0.00220586     -0.00132661     -0.00165853      0.00041923     -0.00058446      0.00052625      0.00009314     -0.00001405     -0.00012681      0.00644719      0.00447927     -0.00150227      0.07841385      0.06290137     -0.07555970      0.00028145      0.00045514      0.00048862     -0.00022159      0.00067405     -0.00058507     -0.00000854      0.00016667     -0.00005136     -0.00066289     -0.00055061      0.00012576     -0.01159675      0.01897122     -0.03593714     -0.13994477     -0.01053530     -0.13556776
     -0.02890355      0.01231946      0.04308329     -0.00355164     -0.01139632     -0.00122062     -0.07085375      0.02643194     -0.08261480      0.00553081      0.00015121      0.00148793      0.00079176     -0.00026958     -0.00461557      0.00200186     -0.00163393     -0.00147999     -0.00387109      0.00087936      0.00118539     -0.00804822      0.00043277     -0.00547335      0.29656680     -0.11409024      0.10790236      0.00409094      0.01335882     -0.00027886      0.00135904     -0.00127427     -0.00183655     -0.00137455      0.00413056     -0.00031213     -0.00400525      0.00303486      0.00186916     -0.02592950     -0.01779455     -0.01174831     -0.02545837      0.01334712     -0.00094213     -0.00165829      0.00789794     -0.00313597     -0.01218922     -0.00796239     -0.00718362      0.00142012      0.00087248     -0.00375163     -0.00121194      0.00216925     -0.00199824      0.00138993      0.00254941      0.00352587      0.00050580     -0.00009783      0.00075105      0.00091199      0.00062456      0.00026086      0.00288864     -0.00058633     -0.00073591     -0.02246649      0.01708317      0.00844928      0.00159802      0.00085675      0.00484988     -0.00048586      0.01259245      0.00226129
      0.02646078     -0.06822884     -0.09675062      0.00341835     -0.00021416     -0.00113092     -0.00328939     -0.01748913      0.02035319      0.00576984      0.00420979     -0.00014662      0.00293288      0.00636765      0.00606596     -0.00091858      0.00008600      0.00077962      0.00306075      0.00054613     -0.00306128      0.00410708     -0.00256834     -0.00158805     -0.11409024      0.22223781      0.15636262     -0.01618999     -0.02710185     -0.01188323     -0.00050292      0.02346293      0.00089797      0.00541811      0.00962628     -0.00077787      0.00388766      0.00087086     -0.00384897      0.00101236      0.00278551     -0.00211496      0.00833040     -0.00730817      0.00162122      0.00434267     -0.02513307      0.01444699     -0.00799139     -0.00705849     -0.00547263     -0.00218535     -0.00087434      0.00023568     -0.00090211     -0.00105973      0.00040444     -0.00090914     -0.00304129      0.00088361      0.00031566     -0.00016411      0.00040221     -0.00049237      0.00010809     -0.00143493      0.00050845      0.00168393      0.00125037      0.01540344     -0.01332310      0.00136162     -0.00129905     -0.00026932     -0.00277554      0.01159480     -0.01290229     -0.00027532
      0.04789671     -0.09048679     -0.23301065     -0.00429636      0.00221993     -0.00945195     -0.08490003      0.02608778     -0.10090137      0.00166851      0.00046445     -0.00458839     -0.00125511     -0.00139043     -0.00090568     -0.00151882      0.00197250     -0.00223188     -0.00141986     -0.00064235     -0.00028579      0.00069222     -0.00163277     -0.00371345      0.10790236      0.15636262      0.59658866     -0.01428926     -0.02500693      0.01967122     -0.01318515     -0.00788861     -0.01501464      0.00443482      0.01206697     -0.00853802      0.00009938     -0.00772449     -0.00232140     -0.00001774     -0.00020451      0.01230538     -0.01763938      0.00588648     -0.00076048     -0.00189131      0.01177166     -0.00700268     -0.00003205      0.00118550      0.00554375      0.00148186     -0.00079610      0.00193177      0.00101623     -0.00147465      0.00269912     -0.00087500      0.00160113     -0.00066460     -0.00007545     -0.00034225      0.00014245      0.00159161      0.00051365      0.00110500      0.00014100      0.00192065      0.00109905      0.00621060     -0.00759606      0.00890790     -0.00129033     -0.00184321      0.00035629      0.01149416     -0.00560312      0.00710114
     -0.04143135     -0.05703965      0.00760157     -0.03209509      0.05141138     -0.01703622     -0.00259269      0.00098959     -0.00153413     -0.00180561     -0.00029522     -0.00142648     -0.00304453      0.00446085      0.00554731     -0.00166274     -0.00201972     -0.00226083     -0.00317142      0.00003440     -0.00090081      0.00046577      0.00034943     -0.00061319      0.00409094     -0.01618999     -0.01428926      0.24182828      0.04253831      0.07387962      0.00138177      0.00385020      0.00113742     -0.00246475      0.00100913      0.00723773     -0.02508120     -0.00181031     -0.02125257     -0.00487701      0.01538377      0.00339585     -0.00024933      0.00015689      0.00203036      0.00225518      0.00124523      0.00148868     -0.00001250      0.00021273     -0.00075630      0.00004046     -0.00033776      0.00110364     -0.00117263      0.00015293     -0.00259908     -0.00021978     -0.00016509     -0.00063187      0.00088788     -0.00026889      0.00269982     -0.03066066     -0.00875338     -0.00918452     -0.00119137     -0.00030933     -0.00098417     -0.02873837     -0.01751652     -0.00512790      0.00095027      0.00039459      0.00008725     -0.00019075      0.00006199      0.00052703
     -0.05634829     -0.21186411      0.04709723      0.05545774     -0.06043660      0.03280928      0.00290299     -0.00588271     -0.00417454      0.00065026     -0.00080116      0.00019397      0.00296368      0.00343136     -0.00289089      0.00317400     -0.00736740      0.00026773     -0.00382452     -0.00177355      0.00290427     -0.00059876      0.00008124     -0.00116412      0.01335882     -0.02710185     -0.02500693      0.04253831      0.54647475     -0.11175607      0.00005932     -0.02368172      0.01220993     -0.02424344     -0.00741805      0.01562445      0.01057702      0.00261863      0.00439550      0.00499431     -0.00819119     -0.00789606     -0.00127829     -0.00077619      0.00112208     -0.00216694      0.00012929      0.00393924      0.00261252      0.00093154      0.00161600     -0.00335925     -0.00154341     -0.00163055     -0.00076305      0.00110268     -0.00019999     -0.00050189      0.00029141     -0.00182722      0.00027049      0.00116331      0.00148736     -0.02130704     -0.00086816     -0.00496756     -0.00157002     -0.00328293     -0.00029502     -0.01242294     -0.00067828     -0.00727679      0.00137187      0.00479259      0.00565828      0.00594394      0.00719108      0.00307847
      0.01565417      0.04805470     -0.03690062     -0.04183238      0.03099785     -0.04152435      0.00701947      0.00207655     -0.00047591     -0.00185970      0.00131143     -0.00126463     -0.01019933     -0.00420955      0.00166265     -0.00206619      0.00485219      0.00220937      0.00105184     -0.00024502      0.00153102      0.00048509     -0.00007718      0.00310747     -0.00027886     -0.01188323      0.01967122      0.07387962     -0.11175607      0.13074279     -0.00268767      0.01463580     -0.00422040     -0.00461573     -0.00041757      0.00321123      0.00331063     -0.00130268     -0.00443174     -0.00129451      0.00280463      0.00735385     -0.00088696     -0.00444837      0.00031211      0.00078831     -0.00208991     -0.00014530      0.00041409     -0.00119568     -0.00206060      0.00059047     -0.00039166      0.00293763      0.00170733     -0.00042765     -0.00010795      0.00107587      0.00174702     -0.00112219     -0.00026019     -0.00080709     -0.00143455      0.00606637     -0.00043108      0.00186248     -0.00117481      0.00192929     -0.00012885     -0.00507270     -0.00609738     -0.00029565     -0.00037115     -0.00080227     -0.00289446     -0.00157610     -0.00293946     -0.00137514
     -0.06054206      0.03603042     -0.07625591     -0.05335998     -0.04503288      0.04040115     -0.01024530      0.00304562      0.04938814     -0.00195386     -0.00356157     -0.00222487     -0.00175414     -0.00118994     -0.00250711      0.00269566     -0.00496252     -0.00234647     -0.00384779     -0.00074333      0.00075855      0.00205038      0.00168261      0.00573963      0.00135904     -0.00050292     -0.01318515      0.00138177      0.00005932     -0.00268767      0.37130884      0.05779168     -0.01858682     -0.04391997     -0.00265239     -0.00564541     -0.03170019     -0.01921584      0.00025408      0.00350492      0.00483572      0.00816961     -0.01739317      0.00684300      0.00452172     -0.00124737     -0.00390812     -0.00582892      0.00127103      0.00011287     -0.00070990      0.00038258     -0.00050211      0.00065780      0.00096316      0.00100708      0.00187211     -0.00066723      0.00289341     -0.00055905     -0.00029344      0.00150385      0.00069479     -0.01409819     -0.01676798     -0.00182047     -0.00111942     -0.00026104     -0.00103238     -0.01727813      0.00233138      0.00201063      0.00065417     -0.00053992      0.00070904     -0.00559580      0.01218039      0.00406174
      0.03351781     -0.03669016      0.06260370     -0.06614057     -0.09116688      0.07601844      0.00477870     -0.02987893     -0.05430230     -0.00267010     -0.00253137     -0.00314256      0.00802752      0.00460432     -0.00108910     -0.00220244     -0.00119323      0.00160725     -0.00054949     -0.00111658      0.00396230     -0.00088412     -0.00350512     -0.00459927     -0.00127427      0.02346293     -0.00788861      0.00385020     -0.02368172      0.01463580      0.05779168      0.35415383     -0.06738685     -0.00954517      0.00761174     -0.01025552     -0.00602328      0.00313976     -0.00768089      0.00386908      0.01738220      0.00787512      0.01216306     -0.00575992     -0.00310707     -0.00925809     -0.01939954     -0.00702999     -0.00112012      0.00072899     -0.00014157      0.00115999      0.00102671      0.00268444     -0.00145534     -0.00319712      0.00157821      0.00053134      0.00255854      0.00016722     -0.00089927     -0.00093577     -0.00173599     -0.01100018     -0.01218523     -0.00349739      0.00445356      0.00078483     -0.00293936      0.00618633     -0.00140045     -0.00041436      0.00190914     -0.00695415     -0.00274259      0.00546631     -0.01621716     -0.00779897
