      6.38486872      0.03727672      0.08641692     -0.00179453     -0.06274419      0.00284986     -0.00409369     -0.00028039      0.06685358     -0.05914054      0.00490189      0.00133216     -0.00442831      0.06443650     -0.00220637     -0.00462525      0.00097808     -0.06487065     -0.13843085     -0.00082189      0.00081025      0.01130177     -0.00539163      0.10734655      0.00264470      0.10512059      0.00367182     -7.17137231      0.00048074     -0.00169205      0.10869934     -0.00144596     -0.00249238      0.01112186     -0.10874397     -0.00293283      0.01021273     -0.00525759     -0.10967127
      0.03727672      0.46256517      0.01291647     -0.00007955     -0.00194240      0.00118660      0.00122572      0.00014437     -0.00319220      0.00393967      0.01598523      0.00003795      0.00323207     -0.00839085      0.00081278      0.00070839     -0.00028541      0.00323336      0.00443072      0.05975080      0.00016496     -0.00090086     -0.00678040     -0.00338316      0.01639328      0.00789940     -0.00135245     -0.00381786     -0.26995095     -0.00132105     -0.00603827     -0.06091995     -0.00005524     -0.01866816      0.01335086     -0.00080629     -0.00156863     -0.00693355      0.00319996
      0.08641692      0.01291647      0.02914363     -0.03976721      0.00111903      0.00063952      0.00263853      0.00007880     -0.00502406      0.00282803      0.00005929      0.01630208      0.00005282      0.00018426      0.00068955     -0.00211600     -0.00045143     -0.00381073      0.00109579      0.00004894      0.06005284      0.01753433      0.00006129      0.01041828     -0.00103058     -0.00201963     -0.00630949      0.01182534     -0.00556506     -0.26315142     -0.00747749     -0.00034080     -0.05860814      0.00017258     -0.00055849     -0.00635927     -0.01788390     -0.00015061      0.01219189
     -0.00179453     -0.00007955     -0.03976721      0.10337543      0.05826936      0.05903071      0.00043713      0.00026554      0.00103550     -0.00281402      0.00349724      0.00033700      0.01616510     -0.00049511      0.00020733      0.00071068      0.00010441      0.00055706      0.06083512      0.00066330     -0.00004074     -0.00615201     -0.00014043     -0.00203492     -0.25654566     -0.02085365      0.00039047      0.01031640      0.01650881     -0.00761338      0.00898238     -0.01757683     -0.00035266     -0.05971641      0.00262657      0.00012269     -0.00615804     -0.00016075      0.00018826
     -0.06274419     -0.00194240      0.00111903      0.05826936      6.41711453      0.05957832      0.00332492     -0.00295949     -0.06654799      0.06401356     -0.00755455     -0.00050696     -0.00007615     -0.05964829      0.00517374      0.00054963     -0.00473818      0.06496300      0.00015122     -0.13258486      0.00318375      0.00247812      0.01221516     -0.10802414     -0.00613455     -7.17601559      0.02009151      0.09789205      0.00243801     -0.00565551     -0.10890001      0.01045871     -0.00449867      0.00026745      0.11552499     -0.00629905     -0.00001857      0.01073170      0.10743672
      0.00284986      0.00118660      0.00063952      0.05903071      0.05957832      0.28475976     -0.04406159      0.00043426     -0.00147472     -0.00198954      0.00147472      0.00052588      0.00004248      0.00537662      0.01614497     -0.00021750      0.00289019     -0.00748079      0.00016065      0.00477550      0.05932926      0.00086631     -0.01801707      0.01291499     -0.00073217     -0.01072021     -0.25550862     -0.00674439     -0.00091024     -0.00641420      0.00284990     -0.00094245     -0.00658777     -0.00017448     -0.00601370     -0.05938052      0.00040623      0.01621921      0.00792996
     -0.00409369      0.00122572      0.00263853      0.00043713      0.00332492     -0.04406159      0.27973987     -0.15949639     -0.10429625     -0.00410500      0.00192785     -0.00153952      0.00045604      0.00072563      0.00053446      0.01625292      0.00091382      0.00051937      0.06054125      0.00184277      0.00044025     -0.05969645      0.00020278     -0.00147499     -0.00705718     -0.00645673     -0.00809947      0.01164161     -0.00070344     -0.01753905      0.00998160     -0.00084872      0.01729149     -0.00649153     -0.00051468      0.00060698     -0.26398047     -0.00157788      0.01034430
     -0.00028039      0.00014437      0.00007880      0.00026554     -0.00295949      0.00043426     -0.15949639      0.28476586      0.08701397      0.00147648      0.00058883     -0.00014419      0.00045573     -0.00517014      0.00275759      0.00116663      0.01432844      0.00203412     -0.00015270      0.06171952      0.00110020      0.00163367     -0.06143836     -0.00188230      0.00031402      0.00755714      0.01583416      0.00005353     -0.00662051     -0.00041078     -0.00072197     -0.00691965     -0.00070072      0.00029271      0.00994885     -0.01978140     -0.00888126     -0.26522741     -0.01005528
      0.06685358     -0.00319220     -0.00502406      0.00103550     -0.06654799     -0.00147472     -0.10429625      0.08701397      6.53764068     -0.06737893      0.00552151     -0.00254723      0.00099478      0.06848669     -0.00773984      0.00090420      0.00120761     -0.06452036      0.00134182     -0.00005674     -0.13864037      0.04565374      0.00147513      0.12105983      0.00541795      0.10668532      0.00812716     -0.10886568      0.00427185      0.01149330      0.10976921     -0.00522066      0.01005375     -0.00536862     -0.11328734      0.00647077     -0.01242002     -0.03179001     -7.05704824
     -0.05914054      0.00393967      0.00282803     -0.00281402      0.06401356     -0.00198954     -0.00410500      0.00147648     -0.06737893      6.23496176     -0.05495450      0.04549948     -0.00283245     -0.06173453      0.00312182     -0.00274066      0.00005555      0.06803717     -0.13562196     -0.00004718      0.00334805      0.01555187     -0.00366247     -0.11492474      0.01065060     -0.11305704     -0.00468627      0.10880554     -0.00204393     -0.00294524     -7.15848702      0.03712128      0.00863574      0.01356578      0.11219209      0.00200266      0.01257196     -0.00407683      0.10736597
      0.00490189      0.01598523      0.00005929      0.00349724     -0.00755455      0.00147472      0.00192785      0.00058883      0.00552151     -0.05495450      0.20184697     -0.06263886      0.00068165     -0.00190278      0.00124238      0.00099190      0.00007321     -0.00330107      0.00598108      0.06040306      0.00105827     -0.00111218     -0.00651253      0.00164638     -0.01815874      0.01305216     -0.00170428     -0.00688783     -0.06025093     -0.00022307     -0.00865271     -0.27011603     -0.00106471      0.01618943      0.00811985     -0.00131644     -0.00114118     -0.00678207     -0.00736402
      0.00133216      0.00003795      0.01630208      0.00033700     -0.00050696      0.00052588     -0.00153952     -0.00014419     -0.00254723      0.04549948     -0.06263886      0.17111549     -0.03854653      0.00191123      0.00066306      0.00232080     -0.00016705     -0.00551760      0.00204692      0.00003766      0.06078473     -0.01627038      0.00061465      0.00965372     -0.00101563     -0.00198392     -0.00656154     -0.00133165      0.00026605     -0.05922897     -0.00765601     -0.00330012     -0.26624965     -0.00211041     -0.00043390     -0.00660964      0.01650069     -0.00011883      0.01048015
     -0.00442831      0.00323207      0.00005282      0.01616510     -0.00007615      0.00004248      0.00045604      0.00045573      0.00099478     -0.00283245      0.00068165     -0.03854653      0.14899198     -0.01443408      0.05141424      0.00047007      0.00046278      0.00117991      0.06105076      0.00022142      0.00027743     -0.00619976      0.00001996     -0.00194471     -0.05988874      0.00168037      0.00020738      0.01116916     -0.01735785     -0.00049971      0.00794824      0.01684160     -0.00724468     -0.26048818      0.02095591     -0.00033509     -0.00634291      0.00013865     -0.00101430
      0.06443650     -0.00839085      0.00018426     -0.00049511     -0.05964829      0.00537662      0.00072563     -0.00517014      0.06848669     -0.06173453     -0.00190278      0.00191123     -0.01443408      7.09336985      0.09996829      0.00378787     -0.00455468     -0.06433170      0.00016054     -0.13506038      0.00384458     -0.00158868      0.00960524      0.10658362     -0.00424466      0.11724076     -0.00453670     -0.10843685      0.00990921     -0.00465333      0.10454360      0.00255459     -0.00584676      0.00212545     -7.13535891     -0.02327984     -0.00159110      0.00887581     -0.11276323
     -0.00220637      0.00081278      0.00068955      0.00020733      0.00517374      0.01614497      0.00053446      0.00275759     -0.00773984      0.00312182      0.00124238      0.00066306      0.05141424      0.09996829      0.20492527     -0.04588323      0.00012442     -0.00066852      0.00032205      0.00534186      0.05989738      0.00097768      0.01619636      0.00768427     -0.00047727     -0.00639883     -0.05992843      0.00163976     -0.00113906     -0.00627776     -0.00340937     -0.00115692     -0.00652635     -0.00034415     -0.01906580     -0.25779165     -0.00219129     -0.01887739      0.01395210
     -0.00462525      0.00070839     -0.00211600      0.00071068      0.00054963     -0.00021750      0.01625292      0.00116663      0.00090420     -0.00274066      0.00099190      0.00232080      0.00047007      0.00378787     -0.04588323      0.13885907      0.03052863      0.06174221      0.05964089      0.00119143      0.00020362     -0.26290630     -0.00199542      0.00296984     -0.00633841     -0.00130659      0.00024064      0.01110302     -0.00122667      0.01670074      0.01070535     -0.00122981     -0.01791413     -0.00613757     -0.00538045     -0.00875158     -0.05956074     -0.00056032     -0.00162953
      0.00097808     -0.00028541     -0.00045143      0.00010441     -0.00473818      0.00289019      0.00091382      0.01432844      0.00120761      0.00005555      0.00007321     -0.00016705      0.00046278     -0.00455468      0.00012442      0.03052863      0.67953941      0.20642703     -0.00020854      0.06063170      0.00129438     -0.00618944     -0.26185135     -0.01468642      0.00097122      0.00865452     -0.01989049     -0.00030366     -0.00720551     -0.00090040     -0.00083869     -0.00709223     -0.00071030     -0.00002612      0.00797494      0.01576645      0.00016099     -0.06082307     -0.00192827
     -0.06487065      0.00323336     -0.00381073      0.00055706      0.06496300     -0.00748079      0.00051937      0.00203412     -0.06452036      0.06803717     -0.00330107     -0.00551760      0.00117991     -0.06433170     -0.00066852      0.06174221      0.20642703      6.60025504     -0.00199023      0.00077521     -0.13603222      0.06102903      0.00411765     -7.14315695      0.03059483     -0.10982565      0.00665680      0.10553783     -0.00549351      0.00982398     -0.10803946      0.00470549      0.01116955     -0.00389117      0.10536402      0.00770316     -0.00361965     -0.00040905      0.12105503
     -0.13843085      0.00443072      0.00109579      0.06083512      0.00015122      0.00016065      0.06054125     -0.00015270      0.00134182     -0.13562196      0.00598108      0.00204692      0.06105076      0.00016054      0.00032205      0.05964089     -0.00020854     -0.00199023      0.42954718      0.00590505      0.00647742     -0.20071727     -0.00128461     -0.00242518     -0.20052744     -0.00014808     -0.00047899     -0.16170297     -0.00553479     -0.00250169     -0.16115089     -0.00475968     -0.00157311     -0.20203646     -0.00192157     -0.00078906     -0.20295387     -0.00152614     -0.00254964
     -0.00082189      0.05975080      0.00004894      0.00066330     -0.13258486      0.00477550      0.00184277      0.06171952     -0.00005674     -0.00004718      0.06040306      0.00003766      0.00022142     -0.13506038      0.00534186      0.00119143      0.06063170      0.00077521      0.00590505      0.40095822      0.00103721      0.00089792     -0.20041430     -0.00242157     -0.00050729     -0.16833734     -0.00669003     -0.00339238     -0.20174728     -0.00174017     -0.00217990     -0.20277411     -0.00156138     -0.00032456     -0.17099458     -0.00853088     -0.00255924     -0.20434579     -0.00200662
      0.00081025      0.00016496      0.06005284     -0.00004074      0.00318375      0.05932926      0.00044025      0.00110020     -0.13864037      0.00334805      0.00105827      0.06078473      0.00027743      0.00384458      0.05989738      0.00020362      0.00129438     -0.13603222      0.00647742      0.00103721      0.40525302      0.01907053      0.00127342     -0.16360960     -0.00646061     -0.00671180     -0.20143248     -0.00334020     -0.00131141     -0.20058780     -0.00276735     -0.00128364     -0.20142612     -0.00163710     -0.00674306     -0.20158844     -0.00166660     -0.00111306     -0.16663871
      0.01130177     -0.00090086      0.01753433     -0.00615201      0.00247812      0.00086631     -0.05969645      0.00163367      0.04565374      0.01555187     -0.00111218     -0.01627038     -0.00619976     -0.00158868      0.00097768     -0.26290630     -0.00618944      0.06102903     -0.20071727      0.00089792      0.01907053      0.61363635     -0.01782134     -0.09735955      0.03699615     -0.00331433     -0.00530698     -0.01803821      0.00163325     -0.10395023     -0.01744298      0.00177581      0.09414910      0.03781830     -0.00393661     -0.00525067      0.18753261      0.00061466     -0.05222948
     -0.00539163     -0.00678040      0.00006129     -0.00014043      0.01221516     -0.01801707      0.00020278     -0.06143836      0.00147513     -0.00366247     -0.00651253      0.00061465      0.00001996      0.00960524      0.01619636     -0.00199542     -0.26185135      0.00411765     -0.00128461     -0.20041430      0.00127342     -0.01782134      0.80041499      0.09860776      0.00080227     -0.01730803      0.10023665      0.00482036      0.03682551     -0.00085406      0.00538473      0.03663472      0.00063056      0.00036289     -0.01868344     -0.09657807      0.00156488      0.18770939     -0.00468500
      0.10734655     -0.00338316      0.01041828     -0.00203492     -0.10802414      0.01291499     -0.00147499     -0.00188230      0.12105983     -0.11492474      0.00164638      0.00965372     -0.00194471      0.10658362      0.00768427      0.00296984     -0.01468642     -7.14315695     -0.00242518     -0.00242157     -0.16360960     -0.09735955      0.09860776      9.37247633     -0.00744308      0.19363247     -0.01954423     -0.18475351      0.00469306     -0.01544942      0.19037337     -0.00363862     -0.01616990      0.00499104     -0.18556428     -0.00640794      0.00644666      0.00303905     -0.50099274
      0.00264470      0.01639328     -0.00103058     -0.25654566     -0.00613455     -0.00073217     -0.00705718      0.00031402      0.00541795      0.01065060     -0.01815874     -0.00101563     -0.05988874     -0.00424466     -0.00047727     -0.00633841      0.00097122      0.03059483     -0.20052744     -0.00050729     -0.00646061      0.03699615      0.00080227     -0.00744308      0.75326508     -0.15735610     -0.18016510     -0.00831425     -0.09756466      0.00218618     -0.01807271      0.10248392      0.00383062      0.18806729      0.00723446      0.00284793      0.03670793      0.00107802     -0.00304934
      0.10512059      0.00789940     -0.00201963     -0.02085365     -7.17601559     -0.01072021     -0.00645673      0.00755714      0.10668532     -0.11305704      0.01305216     -0.00198392      0.00168037      0.11724076     -0.00639883     -0.00130659      0.00865452     -0.10982565     -0.00014808     -0.16833734     -0.00671180     -0.00331433     -0.01730803      0.19363247     -0.15735610      9.31340417      0.23736667     -0.17652127     -0.00775855      0.00655017      0.19225274     -0.01611474      0.00547095      0.00352335     -0.49108600      0.01668197      0.00292239     -0.01433413     -0.18589522
      0.00367182     -0.00135245     -0.00630949      0.00039047      0.02009151     -0.25550862     -0.00809947      0.01583416      0.00812716     -0.00468627     -0.00170428     -0.00656154      0.00020738     -0.00453670     -0.05992843      0.00024064     -0.01989049      0.00665680     -0.00047899     -0.00669003     -0.20143248     -0.00530698      0.10023665     -0.01954423     -0.18016510      0.23736667      0.77882899      0.00555650      0.00281232      0.03668866     -0.00507069      0.00281058      0.03646884      0.00075128      0.01392148      0.18524722      0.00227467     -0.09645250     -0.00564026
     -7.17137231     -0.00381786      0.01182534      0.01031640      0.09789205     -0.00674439      0.01164161      0.00005353     -0.10886568      0.10880554     -0.00688783     -0.00133165      0.01116916     -0.10843685      0.00163976      0.01110302     -0.00030366      0.10553783     -0.16170297     -0.00339238     -0.00334020     -0.01803821      0.00482036     -0.18475351     -0.00831425     -0.17652127      0.00555650      8.75576507     -0.05041069      0.07105672     -0.47353872      0.00424554      0.00292391     -0.01546031      0.19396013     -0.00637310     -0.01597008      0.00470183      0.19416469
      0.00048074     -0.26995095     -0.00556506      0.01650881      0.00243801     -0.00091024     -0.00070344     -0.00662051      0.00427185     -0.00204393     -0.06025093      0.00026605     -0.01735785      0.00990921     -0.00113906     -0.00122667     -0.00720551     -0.00549351     -0.00553479     -0.20174728     -0.00131141      0.00163325      0.03682551      0.00469306     -0.09756466     -0.00775855      0.00281232     -0.05041069      0.61012472      0.05274029      0.00409281      0.18524406      0.00125218      0.10191577     -0.01594454      0.00303588      0.00282933      0.03736871     -0.00284786
     -0.00169205     -0.00132105     -0.26315142     -0.00761338     -0.00565551     -0.00641420     -0.01753905     -0.00041078      0.01149330     -0.00294524     -0.00022307     -0.05922897     -0.00049971     -0.00465333     -0.00627776      0.01670074     -0.00090040      0.00982398     -0.00250169     -0.00174017     -0.20058780     -0.10395023     -0.00085406     -0.01544942      0.00218618      0.00655017      0.03668866      0.07105672      0.05274029      0.60213898     -0.00656190      0.00138867      0.18701022      0.00293690      0.00537203      0.03635807      0.10046140      0.00124161     -0.01519606
      0.10869934     -0.00603827     -0.00747749      0.00898238     -0.10890001      0.00284990      0.00998160     -0.00072197      0.10976921     -7.15848702     -0.00865271     -0.00765601      0.00794824      0.10454360     -0.00340937      0.01070535     -0.00083869     -0.10803946     -0.16115089     -0.00217990     -0.00276735     -0.01744298      0.00538473      0.19037337     -0.01807271      0.19225274     -0.00507069     -0.47353872      0.00409281     -0.00656190      9.42919612      0.03861133      0.16299430     -0.01416304     -0.18647434      0.00901704     -0.01439113      0.00561535     -0.18936347
     -0.00144596     -0.06091995     -0.00034080     -0.01757683      0.01045871     -0.00094245     -0.00084872     -0.00691965     -0.00522066      0.03712128     -0.27011603     -0.00330012      0.01684160      0.00255459     -0.00115692     -0.00122981     -0.00709223      0.00470549     -0.00475968     -0.20277411     -0.00128364      0.00177581      0.03663472     -0.00363862      0.10248392     -0.01611474      0.00281058      0.00424554      0.18524406      0.00138867      0.03861133      0.73515714      0.00477466     -0.09815356     -0.00886898      0.00285893      0.00282993      0.03709877      0.00517676
     -0.00249238     -0.00005524     -0.05860814     -0.00035266     -0.00449867     -0.00658777      0.01729149     -0.00070072      0.01005375      0.00863574     -0.00106471     -0.26624965     -0.00724468     -0.00584676     -0.00652635     -0.01791413     -0.00071030      0.01116955     -0.00157311     -0.00156138     -0.20142612      0.09414910      0.00063056     -0.01616990      0.00383062      0.00547095      0.03646884      0.00292391      0.00125218      0.18701022      0.16299430      0.00477466      0.73248478     -0.00152822      0.00583316      0.03621288     -0.09933696     -0.00028105     -0.01538489
      0.01112186     -0.01866816      0.00017258     -0.05971641      0.00026745     -0.00017448     -0.00649153      0.00029271     -0.00536862      0.01356578      0.01618943     -0.00211041     -0.26048818      0.00212545     -0.00034415     -0.00613757     -0.00002612     -0.00389117     -0.20203646     -0.00032456     -0.00163710      0.03781830      0.00036289      0.00499104      0.18806729      0.00352335      0.00075128     -0.01546031      0.10191577      0.00293690     -0.01416304     -0.09815356     -0.00152822      0.62354346      0.03937438     -0.04767438      0.03679120      0.00066193      0.00521543
     -0.10874397      0.01335086     -0.00055849      0.00262657      0.11552499     -0.00601370     -0.00051468      0.00994885     -0.11328734      0.11219209      0.00811985     -0.00043390      0.02095591     -7.13535891     -0.01906580     -0.00538045      0.00797494      0.10536402     -0.00192157     -0.17099458     -0.00674306     -0.00393661     -0.01868344     -0.18556428      0.00723446     -0.49108600      0.01392148      0.19396013     -0.01594454      0.00537203     -0.18647434     -0.00886898      0.00583316      0.03937438      8.81486708      0.00277690      0.00677834     -0.01272481      0.19699962
     -0.00293283     -0.00080629     -0.00635927      0.00012269     -0.00629905     -0.05938052      0.00060698     -0.01978140      0.00647077      0.00200266     -0.00131644     -0.00660964     -0.00033509     -0.02327984     -0.25779165     -0.00875158      0.01576645      0.00770316     -0.00078906     -0.00853088     -0.20158844     -0.00525067     -0.09657807     -0.00640794      0.00284793      0.01668197      0.18524722     -0.00637310      0.00303588      0.03635807      0.00901704      0.00285893      0.03621288     -0.04767438      0.00277690      0.88281167     -0.00099661      0.10269873     -0.02083425
      0.01021273     -0.00156863     -0.01788390     -0.00615804     -0.00001857      0.00040623     -0.26398047     -0.00888126     -0.01242002      0.01257196     -0.00114118      0.01650069     -0.00634291     -0.00159110     -0.00219129     -0.05956074      0.00016099     -0.00361965     -0.20295387     -0.00255924     -0.00166660      0.18753261      0.00156488      0.00644666      0.03670793      0.00292239      0.00227467     -0.01597008      0.00282933      0.10046140     -0.01439113      0.00282993     -0.09933696      0.03679120      0.00677834     -0.00099661      0.56816717      0.03218689     -0.00431820
     -0.00525759     -0.00693355     -0.00015061     -0.00016075      0.01073170      0.01621921     -0.00157788     -0.26522741     -0.03179001     -0.00407683     -0.00678207     -0.00011883      0.00013865      0.00887581     -0.01887739     -0.00056032     -0.06082307     -0.00040905     -0.00152614     -0.20434579     -0.00111306      0.00061466      0.18770939      0.00303905      0.00107802     -0.01433413     -0.09645250      0.00470183      0.03736871      0.00124161      0.00561535      0.03709877     -0.00028105      0.00066193     -0.01272481      0.10269873      0.03218689      0.82560541     -0.01723013
     -0.10967127      0.00319996      0.01219189      0.00018826      0.10743672      0.00792996      0.01034430     -0.01005528     -7.05704824      0.10736597     -0.00736402      0.01048015     -0.00101430     -0.11276323      0.01395210     -0.00162953     -0.00192827      0.12105503     -0.00254964     -0.00200662     -0.16663871     -0.05222948     -0.00468500     -0.50099274     -0.00304934     -0.18589522     -0.00564026      0.19416469     -0.00284786     -0.01519606     -0.18936347      0.00517676     -0.01538489      0.00521543      0.19699962     -0.02083425     -0.00431820     -0.01723013      8.68370848
