      0.27407452     -0.21373625      0.14901155      0.12471863     -0.03034995     -0.02320241     -0.05533702      0.04779526     -0.09636764      0.08519418     -0.00926052     -0.04542533      0.06893605      0.00429842      0.08124849      0.10772914      0.26823885      0.51772099      0.02044021      0.10270346      0.09493178      0.07539544     -0.03733987      0.02230177      0.02908079     -0.00889548     -0.01704590     -0.00968878      0.00688555      0.04333114      0.05431004      0.00891373     -0.01763247      0.21642103     -0.52195823      0.03839402      0.22151239      0.03120104     -0.21921260
      0.01864401      0.01752180     -0.02570082      0.00421618      0.04286511      0.04204944      0.03093041      0.01473864      0.00300997      0.03910631     -0.09089954      0.14862917     -0.11746823     -0.63300917     -0.14343230      0.11127183     -0.43070394      0.19294657     -0.03686840     -0.04876097      0.00478116      0.31525013      0.01398215      0.29607321     -0.01109196     -0.02844554      0.01133826      0.01820598     -0.17659884      0.21532609      0.00328028     -0.11539468     -0.09237880      0.00075510     -0.00190849     -0.00099820      0.00053102      0.00000174      0.00008630
     -0.75223746     -0.28815647      0.12258175      0.05607740     -0.13562037      0.08198194     -0.33356635      0.06864814     -0.12355886      0.12959787     -0.00025455      0.01010523     -0.11020390     -0.05923909      0.19122847      0.11771764      0.06495468      0.07823616      0.03338397     -0.07149980      0.08782731     -0.06679386      0.17015542      0.05484340     -0.02181797     -0.01375442     -0.04480501      0.09856301      0.07972976      0.06439864     -0.06013852      0.03584427     -0.07133281      0.00216890     -0.00259100      0.00032142      0.00050405      0.00044290     -0.00074246
     -0.24286392     -0.23216770      0.24347315      0.27639403      0.29470488      0.02667379      0.60250244     -0.37465180      0.03008354     -0.10534610      0.02767510      0.04809689     -0.02121386      0.13628314     -0.05569441      0.03918128     -0.12727319      0.16185708     -0.01729616     -0.09502813     -0.05801168     -0.03024722     -0.00337177     -0.05122103      0.08876190      0.07170363      0.13586167     -0.04717579      0.05922465      0.01499456     -0.13739562     -0.05847473      0.05812176     -0.00045547      0.00072067      0.00221849      0.00116459      0.00183442      0.00139159
      0.01109401     -0.01533685     -0.09169181      0.15767847      0.09651271      0.18692699     -0.01288169      0.16393272      0.05798874      0.04098583      0.06337617     -0.02410983     -0.00976187      0.05222991      0.00148273     -0.11431572      0.10329092     -0.07968637     -0.35081997     -0.15358252      0.15863914      0.40653746      0.10484911     -0.08986491     -0.09623656      0.17772361      0.01020073     -0.03718985      0.16749160      0.07237073     -0.04555031     -0.01915284      0.13078213     -0.02454675     -0.00802445      0.43790676      0.15826547      0.33366343      0.26902222
      0.04336885      0.02680583      0.09676041     -0.21341884     -0.12371643     -0.02122405     -0.11774064     -0.04507622     -0.03707369      0.02445202     -0.35950653      0.66029987     -0.02074837      0.30403549     -0.08979381      0.07371305     -0.05366765      0.12691378     -0.27464680     -0.24848007      0.03524651     -0.00396436     -0.06537111     -0.06264289      0.02756032      0.05666591      0.16680875      0.00532583     -0.08490903     -0.08080594     -0.05507582      0.07757356     -0.13045271      0.00085143      0.00008199      0.00273550      0.00067731      0.00209434      0.00057167
      0.02654605      0.05386600      0.33344793     -0.30939306     -0.08785026      0.48177910     -0.02039259     -0.09615229      0.11227393     -0.05647853      0.06416426     -0.06553759     -0.30343958      0.04678374     -0.29213238     -0.32309915      0.06522998      0.17084644      0.05638008      0.16921988     -0.03547048      0.02627775      0.28054999     -0.07594488     -0.08223851     -0.06076481     -0.11682865      0.05036952     -0.16682119     -0.06943779     -0.13576247     -0.02511955      0.04146575      0.00437123      0.00234995      0.00006607      0.00102849     -0.00091004      0.00177193
      0.01489217      0.02096178      0.19334082     -0.20942842     -0.08400437      0.44260219     -0.04897413     -0.19287508      0.09711955     -0.12035077      0.05536924     -0.10044966      0.60062496     -0.15338505      0.07574590      0.24225671     -0.00693958     -0.04905988     -0.17581486     -0.17190631      0.02333306     -0.10563843     -0.10546265      0.07946304     -0.03611925     -0.06592821     -0.07357440     -0.14403832      0.17316569     -0.06813001      0.04098180     -0.14187261     -0.09717434     -0.00413823     -0.00135043     -0.00073249     -0.00050158      0.00084233     -0.00115685
     -0.01379168      0.05844463      0.17950042     -0.09582267      0.06393931     -0.06173879      0.08833977      0.24054179      0.04899531     -0.02526964      0.03140792     -0.04584822     -0.08029164      0.00027463     -0.07315598     -0.06685582      0.02604683      0.01737790      0.27143606     -0.40910612      0.36042753     -0.01675798     -0.14691887      0.00126038      0.00476712     -0.16781585      0.00546774     -0.08104868      0.03357254     -0.00225210      0.04202354     -0.04032266      0.02470981     -0.57040731     -0.16138529      0.02763980     -0.07689299      0.13827354     -0.21933095
      0.12809761     -0.21956671      0.11360622      0.07393289     -0.02308736     -0.03379260     -0.10050323      0.03290951     -0.06577674     -0.03616118     -0.00465199     -0.00349337      0.03224355     -0.04911251     -0.05798651     -0.09010949      0.06902719     -0.11140214      0.15859498     -0.37100546     -0.49016904      0.08442323      0.18043373      0.05365713     -0.08061640      0.02191506      0.07215010     -0.04417304      0.00972524     -0.05762979      0.10222925      0.03309490      0.01638253      0.03696383     -0.31500110      0.04454509     -0.46769550     -0.05694399      0.25850111
      0.00310426      0.11671797      0.04271690      0.17070761     -0.23376806      0.08985510      0.09962957      0.10186928     -0.51478886     -0.63145815      0.03316371      0.10841707     -0.08802416     -0.15498671      0.02366345      0.00269030      0.20205002     -0.10495383     -0.06717507      0.00272284      0.04802963     -0.06378329      0.00739626     -0.14305651      0.11812347      0.03904028     -0.01137932     -0.04201250     -0.11246597      0.18571947     -0.00797117     -0.10770596     -0.06327219     -0.00039970      0.00033514     -0.00116613      0.00125721      0.00017831     -0.00137851
     -0.05943052      0.34777965      0.06614086      0.23184583     -0.33637994      0.12527628      0.23555292      0.01397578     -0.36972838      0.48170322     -0.20138231     -0.11952163      0.17965948      0.04884961     -0.17907397     -0.18068641     -0.04599750      0.02881798      0.07374278     -0.07866464     -0.09381162      0.01971236     -0.10804673      0.01683981      0.00001972      0.01376826     -0.11134330      0.15246386      0.13974467      0.05952292     -0.08209536      0.05311401     -0.07561044      0.00109963     -0.00106762      0.00030142     -0.00205898      0.00013318      0.00078123
     -0.02661251      0.26280578      0.23184599      0.40667078     -0.35474490     -0.12912614     -0.06276539     -0.09855703      0.52003707     -0.01934061      0.16444838      0.22965877     -0.02175269     -0.16010350      0.03083101     -0.07500469      0.27596539     -0.06293257      0.00936741      0.03622627     -0.00120759     -0.02983951     -0.05075176      0.19976590      0.00843968      0.00147349      0.15970952     -0.00788414      0.00024386     -0.02632608     -0.12883448     -0.04700969      0.03999852     -0.00056591      0.00062441     -0.00136887      0.00050602      0.00064722      0.00066178
      0.00059102      0.00479960     -0.04689085      0.09437214      0.07419550      0.12189490     -0.01562936      0.11532189      0.04972684      0.00070179     -0.03597827      0.02871770      0.00180520      0.07319160      0.01146892     -0.03072369     -0.00192385     -0.01380279     -0.06990289     -0.01480558     -0.06880358      0.02516301      0.08298880      0.17354646      0.59030760     -0.25331186     -0.15601627     -0.06218298     -0.01454016     -0.07530208      0.00063874      0.09275297      0.01743964      0.04877594      0.10041947      0.48814260     -0.13620467     -0.31050317     -0.27372773
      0.01119087     -0.16608395     -0.13543831     -0.23759746     -0.13175587     -0.00161015      0.21144696      0.01395871     -0.19510394      0.25252590      0.67059833      0.38187876      0.10211322     -0.05436293      0.05295093     -0.13306663      0.04151094     -0.04374751      0.10222003      0.04788662      0.03908785      0.07167706      0.01787218      0.05338741      0.06816723      0.06622082      0.00053040     -0.19640115     -0.00714041     -0.04257371     -0.08306582      0.07999166     -0.12227958      0.00147721      0.00118551      0.00446860     -0.00133633     -0.00219480     -0.00148473
     -0.00872237     -0.29083859     -0.28042733     -0.15729382     -0.50236941      0.09159574      0.42606278      0.17411747      0.28272067     -0.05321379     -0.20746828     -0.10735063     -0.14718678      0.00607588      0.19921168      0.16467863      0.06032574      0.01491753      0.01895818     -0.09277562     -0.10317951      0.09800199     -0.10940915     -0.04855557     -0.02977005      0.01007483     -0.17117506      0.04619684     -0.10365757     -0.08907046     -0.10851756     -0.04841715      0.02957009     -0.00122563      0.00058072      0.00036202      0.00120722     -0.00168025      0.00079970
      0.00282196     -0.00962979     -0.03882606      0.03080794     -0.00493612      0.03290822     -0.04170244     -0.06833599     -0.01662058      0.01322490      0.01791527      0.01603779     -0.01177366      0.04173258     -0.40275221      0.43524932      0.14513189     -0.16431594      0.30128968      0.05499777      0.15433776      0.23512042      0.11459709     -0.00734214      0.22077160      0.33451758      0.00021854      0.23418259      0.05014221     -0.32873475      0.07360867     -0.22908535     -0.13096516     -0.00397080     -0.00225082     -0.00054873      0.00434176     -0.00661462      0.00398798
     -0.00971095      0.05475341      0.13718092     -0.05983064      0.06415297     -0.07991908      0.04688043      0.16416493      0.01474526     -0.02104271      0.01234295     -0.02972013      0.03926903     -0.03080708      0.12334549     -0.14333345     -0.06083551      0.08046057     -0.11812850     -0.07152596     -0.01156820     -0.21591849      0.02378935      0.21216536      0.07704194      0.52234885     -0.22235672      0.07541772     -0.11936818     -0.10987727      0.05439384     -0.04001571      0.05791064     -0.23440499     -0.12494299      0.02395557      0.27973263     -0.41954249      0.28246662
      0.28680410     -0.40952216      0.29981460      0.18875935     -0.12102449     -0.02204814     -0.14411157      0.09444731     -0.13093832      0.12889200     -0.01218681     -0.05495465     -0.00384199      0.02183371     -0.00903641      0.01040283     -0.31051938     -0.36014096     -0.09977364      0.10598168      0.19802864     -0.11509518     -0.07317213     -0.00716511      0.00760863     -0.06159467      0.00236758      0.01986654     -0.12285999     -0.10623109     -0.41277152     -0.15340273      0.11114240      0.00080205     -0.00296989      0.00036020     -0.00127655     -0.00016946      0.00016306
      0.01568050     -0.00360718     -0.16235241      0.30182877      0.21326751      0.42572279     -0.01315333      0.39738071      0.13496235      0.03735480      0.01859630      0.24641624      0.04209805      0.19094899      0.06712593     -0.00967606     -0.09821222      0.05048838      0.24166806      0.10869574     -0.13469643     -0.21057039     -0.07625675     -0.02304790     -0.17510484      0.01097435      0.04861454     -0.00037183     -0.08550085      0.09310973      0.04756780     -0.32953530     -0.25045162     -0.00011496      0.00005029      0.00378829      0.00029983      0.00025938      0.00029753
     -0.05957823      0.12743455      0.37106847     -0.18117540      0.13525410     -0.20286560      0.20741576      0.49797875      0.07912898     -0.03065808      0.02868579     -0.05438653      0.10167323     -0.03157021     -0.04452519      0.25616264      0.05327707     -0.06469959     -0.13339265      0.21346868     -0.22428484      0.10410394      0.12391977     -0.08672101     -0.03573142     -0.06540449      0.08951691      0.06896006      0.12599276      0.05915509     -0.23438614      0.18681268     -0.29559121     -0.00274002     -0.00142068      0.00117156      0.00064180     -0.00105938      0.00042758
      0.02249113     -0.26813686     -0.08801264     -0.01465342     -0.25016363     -0.01166313      0.11907166      0.13323465      0.11496699     -0.07101447     -0.14477469     -0.06673957      0.14805281     -0.00440342     -0.29600587     -0.21288832     -0.11494235     -0.02299878     -0.03941926      0.15768951      0.22686293     -0.23971809      0.31014791      0.13796939      0.08040886      0.08505258      0.37145445     -0.07163474      0.24098188      0.18072309      0.30716511      0.10737951     -0.09272312     -0.00665540     -0.00480836      0.00099998      0.00227074     -0.00407120      0.00192640
      0.00640194     -0.01652804     -0.08225209      0.08415495      0.01885381      0.11354086     -0.02810722      0.04920372      0.02899935      0.03319265      0.07676503      0.02059925     -0.05313291      0.09790470     -0.41199459      0.39394871      0.10300978     -0.04443840     -0.00056853     -0.06018012     -0.02814857     -0.22864574     -0.06676233      0.17875131     -0.14447760      0.11646849     -0.22391100     -0.25655162     -0.13842898      0.33542586     -0.11602012      0.38807254      0.26819493      0.00154219      0.00184533      0.00178029     -0.00216545      0.00366502     -0.00234120
     -0.00771106      0.04307804      0.11779380     -0.05280790      0.05134237     -0.06870563      0.04454912      0.14370521      0.01537788     -0.01900262      0.00793101     -0.02678701      0.03321203     -0.02573835      0.09587761     -0.11632125     -0.04839384      0.06638011     -0.08772088     -0.06176655      0.00291873     -0.17681247      0.02093272      0.17722538      0.07072931      0.42850892     -0.17985658      0.06395563     -0.09534801     -0.09627852      0.05190772     -0.03901415      0.04409793      0.26739843      0.14584864     -0.02819509     -0.33881651      0.50951945     -0.35584641
     -0.01082321     -0.17811117      0.15365956      0.11704890      0.14818875      0.03440609      0.20244449     -0.08308345     -0.01441246      0.06369146     -0.13532059      0.14491034      0.01467850     -0.06368241      0.01457572     -0.08801582      0.24365385     -0.32513388     -0.11387210      0.11763613      0.16608730      0.06989091     -0.04759416      0.17088537     -0.25031373     -0.18549054     -0.28800013      0.15719193     -0.24655005     -0.10288835      0.41065572      0.21624221     -0.23796898     -0.00114707     -0.00187837      0.00552168      0.00206311      0.00353790      0.00456456
      0.00864285     -0.01535891     -0.07645750      0.13605786      0.08431545      0.16011472     -0.00707745      0.13661352      0.04972179      0.03502504      0.05220934     -0.01849486     -0.00943525      0.04644156     -0.00081293     -0.09403391      0.08657123     -0.06339818     -0.29233997     -0.12927420      0.13357029      0.33128745      0.08372489     -0.06992005     -0.06784833      0.13558247      0.00834228     -0.02982766      0.12930864      0.05325994     -0.03650042     -0.00490881      0.09723941      0.03081610      0.01168911     -0.52076565     -0.19514267     -0.41284006     -0.34310685
      0.00076732     -0.00432615      0.17993585     -0.14464630      0.00154256     -0.09035369      0.06118580      0.01237203     -0.01648324     -0.01515949     -0.23207224      0.32991149      0.09384608      0.06557891      0.13464417     -0.00529898      0.00506493     -0.12959116      0.26782250      0.25294413     -0.02470118      0.16697632      0.13017857      0.08493003     -0.02891427     -0.00622631     -0.30441219     -0.11565396      0.34454996      0.25692267      0.07459782     -0.24972350      0.41863410     -0.00071362     -0.00026422     -0.00902534     -0.00246803     -0.00671727     -0.00413877
      0.23538063     -0.18834160      0.12948876      0.10907075     -0.02670103     -0.01941369     -0.05098381      0.04124084     -0.08499923      0.07337636     -0.00862489     -0.03750980      0.05738421     -0.00097509      0.07012482      0.09067126      0.22676126      0.43624756      0.01718945      0.07998869      0.07220537      0.06412195     -0.02450343      0.01904486      0.01993104     -0.00201072     -0.01339807     -0.00599614      0.00907222      0.03682207      0.04806664      0.00892424     -0.01671174     -0.25192631      0.60490478     -0.04481845     -0.27169505     -0.03818674      0.27284789
      0.04733290     -0.03659612     -0.04694987      0.07485524      0.13757716      0.15472370      0.04443058      0.09736688      0.01035642      0.11876646     -0.15301349      0.21757394     -0.09732333     -0.53433513     -0.01941830     -0.00033442      0.08646668      0.01318238      0.02240321      0.03861954     -0.00562797     -0.28709139     -0.02773129     -0.41213883      0.03622289      0.04960386     -0.01752560     -0.04508163      0.27732734     -0.33974839     -0.00909139      0.23073524      0.19864005      0.00085849     -0.00178346      0.00138981      0.00076165      0.00022302     -0.00160978
     -0.32349268     -0.12886792      0.08972653     -0.01873731     -0.05586834     -0.07505297     -0.08825022      0.18579947      0.00428582     -0.04721115     -0.01679698     -0.03733799      0.19483793     -0.00623228     -0.32054846     -0.17812504     -0.00075234      0.06160423     -0.06687505      0.22982613     -0.16966277      0.21538630     -0.49507948     -0.13284021      0.06240296      0.02911555      0.08140549     -0.25741570     -0.21667814     -0.16423760      0.19823104     -0.09941078      0.20762495     -0.00296572      0.00251844     -0.00096772     -0.00113848     -0.00081443      0.00132915
      0.10932414     -0.18444163      0.09511035      0.06233949     -0.01953568     -0.02848222     -0.08375584      0.02751865     -0.05408293     -0.02618084     -0.00444202     -0.00358466      0.02842678     -0.03926822     -0.04829903     -0.07299283      0.05840193     -0.07977160      0.13083805     -0.29585670     -0.39023839      0.06870174      0.13883225      0.04461695     -0.06020654      0.01276985      0.05397394     -0.03208972      0.01284207     -0.04283735      0.08151080      0.02923774      0.00792594     -0.04143919      0.37760584     -0.05445763      0.58669215      0.07138082     -0.33454279
     -0.01283975      0.08583827     -0.02671024      0.12646141     -0.09622644      0.09632459      0.01214363      0.12333164     -0.14822542     -0.31351770      0.11293093      0.05351998     -0.02537360      0.16115893      0.05069773      0.06607937     -0.29222131      0.16067312      0.06808704      0.10079586      0.02764137      0.12367226     -0.02730690      0.36095026     -0.27873561     -0.11230678      0.04740613      0.08936677      0.23521730     -0.47410197      0.01501896      0.29138834      0.18319429      0.00019311      0.00055651      0.00133927      0.00071456      0.00010735      0.00052948
     -0.02540517      0.22983299      0.11215377      0.03027308     -0.06623740      0.05428580      0.14560161      0.07338427     -0.12767704      0.26106949     -0.04354919     -0.07865571     -0.07623292      0.02894805      0.21858649      0.28002066     -0.01048248     -0.04773457     -0.06987753      0.02668408      0.04422070     -0.02293601      0.36254867     -0.01539572     -0.04891471     -0.04999665      0.28287264     -0.39563192     -0.34280962     -0.19387733      0.25774921     -0.12975699      0.22737825     -0.00232341      0.00386579     -0.00134422      0.00678122      0.00010728     -0.00304460
      0.03924717      0.03831808      0.16303778      0.21292527     -0.23023979     -0.10186665     -0.07723195     -0.02361105      0.17662517     -0.05053801      0.22125256      0.03401497      0.00930455      0.10436140      0.00213341      0.10091703     -0.43755331      0.08697187      0.00317835     -0.05198086      0.02174525      0.06639432      0.12925267     -0.48128258      0.03882050      0.02101995     -0.37592403     -0.05043532      0.00241723      0.06325105      0.33007252      0.14177983     -0.12771782      0.00100045     -0.00188453     -0.00131154     -0.00029070      0.00096895      0.00080657
      0.00021969      0.00202458     -0.04738187      0.08522254      0.06913208      0.11439871     -0.01267379      0.10763445      0.04360708      0.00326064     -0.02723791      0.02840652      0.00244618      0.06690070      0.01071896     -0.03208712     -0.00020828     -0.01642126     -0.06886466     -0.01595799     -0.06165633      0.02894250      0.07708203      0.15324457      0.52130040     -0.21681093     -0.13782780     -0.05691593     -0.01050732     -0.06693724     -0.00342502      0.08493716      0.01676128     -0.05445718     -0.11156501     -0.53572172      0.15576832      0.35640883      0.32505550
      0.00473708     -0.02232769      0.00245474     -0.07268762     -0.03418535     -0.02974800      0.08565784      0.11565853     -0.02464309      0.08221893      0.29487980      0.09069945     -0.00571514      0.00145033     -0.14770848      0.13535798      0.02273221      0.05003187     -0.28181606     -0.09309339     -0.10779339     -0.19770461     -0.00797908     -0.03067291      0.00835968     -0.25415073      0.06541357      0.58371618      0.00465687      0.09188552      0.24566695     -0.24139536      0.38616127     -0.00155274     -0.00062395     -0.00191750      0.00048544     -0.00022520     -0.00042525
      0.10944686     -0.00940355      0.24843007     -0.10158322     -0.04790558      0.25422278     -0.03195802     -0.05258600     -0.02829850      0.10339253      0.07486258     -0.07998142     -0.45885787      0.05044708      0.20153003      0.11930000     -0.06351029     -0.17527699     -0.01511550      0.06911349     -0.11785581      0.04176743     -0.41561549      0.09104521      0.17139870      0.18824010      0.22556624     -0.00574922      0.25646200      0.17939879      0.29208824      0.11807276     -0.06623923      0.00080989     -0.00170309     -0.00025869     -0.00069904      0.00030069      0.00011294
      0.00082079      0.00854807      0.05653944     -0.02724366      0.02704602      0.19987993     -0.00723526      0.01659999      0.06395349     -0.05128292     -0.04149444      0.04759668      0.33795233     -0.01685820      0.23051028     -0.02713751     -0.05837253     -0.06522069      0.31821476      0.01368984      0.09468664      0.17457732      0.00727861     -0.14708440      0.13749838      0.13653931      0.26731840      0.34615774     -0.34648209      0.18478120     -0.04100157      0.39676033      0.25205468      0.00051961      0.00103229      0.00161774      0.00024365      0.00030140      0.00011373
     -0.01269621      0.05001721      0.15696525     -0.08352741      0.05581858     -0.05671247      0.07895189      0.21315734      0.04371419     -0.02416311      0.02608375     -0.04142781     -0.06150410     -0.00240776     -0.06161287     -0.05800600      0.02051728      0.01109001      0.22758135     -0.35564649      0.30948163     -0.02042934     -0.12552986      0.00596526      0.00253842     -0.13052879      0.00437945     -0.06956339      0.03020562     -0.00328605      0.04162618     -0.03749018      0.02246589      0.65403595      0.18460225     -0.03178160      0.09570947     -0.17066076      0.27104169
