      1.06879674     -1.33865134     -1.17573760      0.00157108      0.03907499      0.04134749     -0.91644783      1.38714005      1.34167586
     -1.33865134      2.79013916      2.42208654      0.06088525     -0.02699714     -0.07458917      1.37635876     -2.85890977     -2.49721642
     -1.17573760      2.42208654      2.53370094      0.05693162     -0.07522467     -0.05093794      1.33269522     -2.50356175     -2.61619316
      0.00157108      0.06088525      0.05693162      0.05095964     -0.04222319     -0.05193783     -0.09854849      0.03920611      0.04445785
      0.03907499     -0.02699714     -0.07522467     -0.04222319      0.10568215      0.07338783      0.06599573     -0.21139059     -0.11520866
      0.04134749     -0.07458917     -0.05093794     -0.05193783      0.07338783      0.13702175      0.06778621     -0.11674761     -0.19559664
     -0.91644783      1.37635876      1.33269522     -0.09854849      0.06599573      0.06778621      1.36486086     -1.79137856     -1.75180720
      1.38714005     -2.85890977     -2.50356175      0.03920611     -0.21139059     -0.11674761     -1.79137856      3.80487338      3.29052043
      1.34167586     -2.49721642     -2.61619316      0.04445785     -0.11520866     -0.19559664     -1.75180720      3.29052043      3.62137355
