      0.07561339     -0.05568063      0.71093045     -0.06072278     -0.48176245      0.24901588      0.23848371      0.02498329     -0.03360168     -0.27806082     -0.00270068     -0.05687233      0.01420946     -0.05765527      0.01912441     -0.07721260     -0.19378871     -0.03703023     -0.00107742     -0.00101729      0.00077268
      0.00374788      0.00606201      0.08308880     -0.16099425      0.21955502     -0.01697305      0.14354974      0.03810209     -0.05118140      0.00393047      0.00337601      0.04812737     -0.33825350     -0.36366981      0.41348526      0.19554820      0.05095480     -0.26693762      0.56160645      0.07752850     -0.20116664
      0.03139029     -0.00320458      0.33356132     -0.07423825      0.16645716     -0.11256342     -0.76770535     -0.17591292      0.18303822     -0.27321618      0.10677978      0.21924867     -0.09176394     -0.07332565     -0.03372027     -0.05996689      0.03196268      0.16642093      0.07811171      0.01002462     -0.02151144
     -0.18429083     -0.00243768      0.12209638      0.34009808      0.16488637     -0.02807547      0.01207704      0.34211974      0.02736342     -0.05996044      0.27391754     -0.08445780      0.25748573     -0.37646267     -0.17244633     -0.08292342      0.15251142     -0.11924529     -0.17669448      0.44349164     -0.30620129
     -0.87931179      0.06937837      0.04623688     -0.21598368     -0.17359281      0.02087460     -0.06608916     -0.09968606      0.01929850      0.28542441      0.02418035      0.06777962     -0.06073644     -0.05671330      0.02621699     -0.11388116     -0.14040333      0.03216283     -0.00220192      0.00092650      0.00149009
      0.11192717     -0.00319674     -0.04580114     -0.09201245     -0.04024893     -0.04039804      0.14416033     -0.73561325      0.01417268      0.06511265     -0.20798327      0.09791344      0.25137624     -0.40229074     -0.19823145      0.14289492     -0.02742698      0.01185840     -0.08248132      0.20575126     -0.14028643
     -0.01378137     -0.27174234     -0.03596363      0.01903909      0.07269466      0.31346544     -0.17723995     -0.13601683     -0.70441511      0.04406497      0.38054384     -0.05084341      0.09405081      0.03558036      0.06343540      0.21843074     -0.11416676      0.10048451      0.03962935      0.12406629      0.15286573
     -0.05805820     -0.78335097     -0.07754507     -0.02835881      0.03927594      0.17523571     -0.01044162      0.00313142      0.39428538      0.01766439     -0.12406518     -0.22283787      0.10438289     -0.07375160      0.23868990     -0.07041562      0.06311057      0.17421472      0.01992434      0.06385716      0.07685988
     -0.03450759     -0.39075562     -0.01644190     -0.00197182     -0.03606931     -0.11262848     -0.01955038      0.00499191     -0.17796545     -0.02046791     -0.01979084     -0.09383114     -0.43878327     -0.05872221     -0.48105855      0.04477351     -0.00689033     -0.12382556     -0.11760730     -0.36433193     -0.44588633
     -0.16053208      0.06595722      0.15550658      0.63143998      0.36254179      0.21133815      0.16776897     -0.32357682      0.15849592     -0.04796081     -0.03540181     -0.03095087     -0.28855856      0.24456878      0.04010936      0.05084211     -0.24209664      0.04582499     -0.00484995      0.01758591     -0.00905793
      0.03069668      0.05012404      0.28026675     -0.47027470      0.62803608      0.07257908      0.23272203      0.06986777     -0.06327532      0.09424866     -0.05879968     -0.16080245      0.10223826      0.09778128     -0.25336158     -0.22178775     -0.07919827      0.23534182      0.02545905      0.00499591     -0.01307901
     -0.08080240     -0.20483072      0.18629155      0.13913561      0.01408844     -0.76333744      0.20502610      0.02042022     -0.21209561     -0.05238814     -0.02244748      0.12956875      0.12275191      0.09704183      0.21691555      0.09538272     -0.11990387      0.33339728      0.00490396      0.00235849     -0.03000332
     -0.04877063     -0.06314950      0.02544383      0.15722071      0.09523753      0.13977783     -0.07154910     -0.05396942     -0.38044224     -0.05831192     -0.43744535      0.24910909      0.17233742      0.03044906      0.25760861     -0.53473341      0.24627626     -0.15841799     -0.04714565     -0.15017755     -0.19137361
     -0.00817177     -0.24012591      0.01819631     -0.12420749      0.13283402      0.05857250      0.12399870      0.04051570      0.19547956      0.00057180      0.22906661      0.63227209      0.27533205      0.27231018     -0.06403053      0.13992093     -0.19187135     -0.41876503     -0.01988108     -0.06807934     -0.08439250
     -0.03346746     -0.19461868      0.02046779      0.03162843     -0.00484497     -0.16527291      0.03894789      0.03443364     -0.11262043     -0.05133758     -0.22115796      0.15315775     -0.29057156      0.01351095     -0.35621691     -0.17288567      0.06799874     -0.25672999      0.13871765      0.44362449      0.56025193
      0.06497880     -0.03143582      0.35833602      0.09210444     -0.06927479      0.08471225      0.04054012     -0.01868018      0.03644805      0.53547129      0.02708422      0.18409204     -0.07643107      0.14778053     -0.05682927      0.23382896      0.64176382      0.15425571      0.00163768      0.00186269     -0.00211680
      0.00498352      0.00618149      0.07763732     -0.14701910      0.19946870     -0.00589713      0.07850736      0.02234057     -0.02310996     -0.05968870      0.03490944      0.11715533     -0.28606870     -0.29459564      0.30172487      0.11765943      0.05600949     -0.09881166     -0.73279468     -0.10235785      0.26999884
      0.02783194     -0.01603143      0.26260448      0.01328111      0.08146733     -0.21359297     -0.29115556     -0.05493675     -0.02349023      0.29689758     -0.20244143     -0.46465154      0.21232276      0.16290737      0.09736348      0.17552901     -0.13770373     -0.55074326     -0.09226537     -0.01302208      0.03641501
     -0.11309240      0.00593833      0.08004308      0.25121632      0.12531991      0.04275801      0.00396176      0.14849147     -0.00375900      0.00094617     -0.10917879      0.05783083      0.28645291     -0.43447078     -0.21779908      0.16862917     -0.01854090      0.01967462      0.21961811     -0.55818768      0.39439994
     -0.33797568      0.03991537     -0.02892448     -0.13816599      0.07184051      0.03049169      0.08614108     -0.07306619     -0.03583073     -0.59462735     -0.14601789     -0.15610377      0.13159534      0.25307663     -0.04869585      0.39813806      0.44365183     -0.07579465     -0.00023721      0.00373014     -0.00343195
     -0.00230449     -0.02440220      0.01484292      0.00873829      0.00545751     -0.20501954      0.17198370     -0.36515544      0.06811427     -0.06370427      0.57877286     -0.20953724      0.02559403      0.00892803      0.04039169     -0.41797643      0.29250123     -0.22468464      0.09151834     -0.23683847      0.17018353
